1 0.288055 0.208422 0.043203 0.045281
1 0.165625 0.181672 0.041156 0.041156
1 0.090523 0.190937 0.034984 0.051438
1 0.894023 0.282492 0.074078 0.115234
1 0.815828 0.220766 0.074063 0.069969
1 0.699570 0.166242 0.100828 0.117297
1 0.566859 0.216656 0.069969 0.094656
1 0.245867 0.263984 0.074078 0.065844
1 0.479406 0.164180 0.080250 0.084359
1 0.396078 0.174477 0.065844 0.084359
1 0.337438 0.166242 0.092594 0.096703
0 0.330289 0.560172 0.128391 0.871594
0 0.699430 0.546586 0.165422 0.898766
0 0.568562 0.581156 0.130875 0.829625
0 0.892023 0.604609 0.155547 0.777781
0 0.473500 0.530000 0.119000 0.836000
1 0.217063 0.202250 0.037031 0.049375
0 0.810008 0.595921 0.121049 0.792712
0 0.421000 0.566000 0.134000 0.868000
0 0.226500 0.594000 0.111000 0.732000
0 0.089500 0.368500 0.097000 0.409000
0 0.165000 0.362500 0.078000 0.405000
0 0.221500 0.241500 0.059000 0.139000
0 0.287500 0.267500 0.049000 0.161000
0 0.015500 0.346500 0.031000 0.305000
0 0.049500 0.259000 0.049000 0.140000
1 0.055000 0.206500 0.032000 0.035000
