2 0.536234 0.481609 0.034531 0.046031
1 0.490195 0.456102 0.023016 0.013734
2 0.490180 0.498922 0.040266 0.060344
1 0.278688 0.457148 0.023031 0.015828
0 0.495727 0.522898 0.043516 0.169859
1 0.697391 0.454273 0.023031 0.015828
2 0.281594 0.488789 0.034531 0.046047
2 0.321852 0.494555 0.034547 0.046047
2 0.700984 0.507508 0.044594 0.069047
0 0.692395 0.520256 0.071806 0.152578
0 0.322621 0.515500 0.037364 0.145741
0 0.281269 0.500531 0.038598 0.098928
0 0.931152 0.480172 0.036335 0.063486
0 0.529201 0.501828 0.038373 0.126476
1 0.525533 0.448009 0.024266 0.019406
1 0.317968 0.454148 0.020622 0.021526
1 0.484527 0.454139 0.034602 0.028415
