1 0.180023 0.087430 0.127578 0.072016
1 0.333320 0.211914 0.072016 0.111109
1 0.440312 0.255125 0.063781 0.119344
0 0.171281 0.474742 0.200000 0.920984
0 0.324367 0.480914 0.120984 0.716047
0 0.434242 0.485844 0.118516 0.597531
0 0.555234 0.511797 0.143281 0.585156
0 0.695977 0.490789 0.128391 0.716047
0 0.854000 0.587086 0.172844 0.676547
2 0.429000 0.407391 0.115219 0.246906
2 0.314805 0.390930 0.113172 0.283953
2 0.177969 0.369328 0.148156 0.360094
1 0.884766 0.347727 0.080250 0.086422
1 0.707805 0.196492 0.063797 0.096703
1 0.567883 0.285992 0.059672 0.074078
2 0.554516 0.473242 0.119344 0.242797
2 0.703688 0.402250 0.117281 0.277781
2 0.862125 0.546281 0.146094 0.302469
