2 0.462945 0.499984 0.100828 0.205750
2 0.619500 0.590000 0.165000 0.192000
2 0.852867 0.850812 0.115234 0.170781
2 0.924883 0.800398 0.078203 0.172828
2 0.253070 0.352867 0.154328 0.351859
1 0.906367 0.635789 0.057609 0.074078
1 0.838469 0.710898 0.053500 0.059672
1 0.267477 0.085375 0.125516 0.080250
0 0.840172 0.830539 0.175312 0.335797
0 0.928109 0.771281 0.143781 0.444438
0 0.618000 0.687000 0.168000 0.506000
0 0.480930 0.647367 0.177828 0.705266
0 0.236461 0.510789 0.325922 0.955547
1 0.518420 0.385991 0.071769 0.083280
1 0.606577 0.463632 0.057273 0.055367
