0 0.101813 0.508156 0.203625 0.567906
0 0.284906 0.497867 0.211937 0.534984
0 0.511273 0.488602 0.174953 0.639922
0 0.782844 0.557531 0.146094 0.555563
0 0.601773 0.398070 0.055547 0.232516
1 0.312766 0.282938 0.076125 0.055563
1 0.049398 0.290141 0.088484 0.065844
1 0.805570 0.313805 0.074078 0.072016
1 0.595695 0.309680 0.032922 0.030859
1 0.404336 0.308656 0.028797 0.028812
1 0.355984 0.328203 0.039094 0.039094
1 0.221203 0.304539 0.041156 0.037047
1 0.268531 0.309680 0.028813 0.043203
2 0.098781 0.439312 0.170781 0.191344
2 0.277789 0.455773 0.199578 0.211922
2 0.512359 0.388898 0.146094 0.181078
2 0.789109 0.452687 0.115219 0.168719
2 0.731492 0.381703 0.090547 0.117281
2 0.601867 0.369359 0.045266 0.051437
2 0.223266 0.343633 0.053500 0.041141
0 0.726965 0.441541 0.101102 0.309972
0 0.965128 0.471192 0.069745 0.296916
1 0.749796 0.299722 0.038117 0.027074
1 0.513084 0.237725 0.059329 0.045159
