2 0.407633 0.385492 0.079109 0.166609
1 0.532375 0.293766 0.044406 0.029906
1 0.484406 0.226617 0.044406 0.029922
1 0.408883 0.267383 0.044422 0.051484
1 0.598891 0.279938 0.035969 0.045437
1 0.663664 0.246984 0.040797 0.046656
2 0.798562 0.346523 0.079125 0.166609
0 0.476203 0.415820 0.136344 0.469641
0 0.609141 0.418453 0.084531 0.357469
1 0.794359 0.210430 0.044406 0.029922
2 0.678656 0.356117 0.079125 0.166609
2 0.603117 0.370508 0.079109 0.166609
2 0.532375 0.389687 0.079125 0.166594
2 0.480820 0.354914 0.079109 0.166609
0 0.795842 0.407573 0.094301 0.422707
0 0.677618 0.395203 0.075907 0.338373
0 0.409132 0.434649 0.091897 0.384847
