2 0.819023 0.569023 0.165078 0.179359
2 0.645219 0.530133 0.201594 0.180953
2 0.353172 0.531680 0.189000 0.136516
2 0.488867 0.591250 0.136516 0.122219
2 0.211883 0.523789 0.211109 0.136516
1 0.782523 0.457125 0.133328 0.063500
1 0.615859 0.411125 0.168281 0.111187
1 0.387289 0.424578 0.126984 0.077781
0 0.208477 0.482719 0.253234 0.302156
0 0.490492 0.517258 0.143891 0.238859
0 0.617117 0.494234 0.247484 0.290656
0 0.348697 0.510470 0.198644 0.229418
0 0.800394 0.546055 0.124915 0.231680
1 0.504009 0.461711 0.070648 0.047242
1 0.199842 0.395226 0.100234 0.062453
