1 0.504102 0.289695 0.030859 0.043203
2 0.366242 0.342164 0.059672 0.139922
1 0.437227 0.275297 0.032922 0.055563
1 0.257188 0.211516 0.030875 0.039094
1 0.379617 0.250602 0.032922 0.043203
0 0.253773 0.385852 0.133391 0.446922
0 0.369797 0.387086 0.083969 0.355547
0 0.441406 0.400664 0.074062 0.333328
1 0.544227 0.227969 0.041141 0.051438
1 0.609039 0.261922 0.047328 0.061719
2 0.254102 0.342164 0.069953 0.152266
2 0.434141 0.353484 0.055563 0.125500
2 0.497930 0.379203 0.051453 0.123469
0 0.494492 0.409305 0.071609 0.296297
0 0.550047 0.390781 0.064187 0.377781
0 0.624117 0.420422 0.103703 0.392594
2 0.553484 0.334969 0.063781 0.133750
2 0.614188 0.365836 0.094656 0.150203
