0 0.578109 0.458773 0.065844 0.213984
0 0.219055 0.577078 0.121391 0.236625
1 0.535711 0.367203 0.071203 0.064938
1 0.291016 0.413422 0.054125 0.060813
1 0.190586 0.521648 0.069266 0.047828
2 0.283547 0.515047 0.073375 0.129875
2 0.202383 0.598594 0.092859 0.140688
2 0.098484 0.529219 0.123156 0.123156
2 0.655844 0.525000 0.151719 0.171000
2 0.565906 0.495664 0.084406 0.151734
2 0.479547 0.523813 0.132031 0.173375
0 0.100742 0.633664 0.164609 0.386828
0 0.480375 0.612063 0.117281 0.524687
0 0.717000 0.612062 0.211938 0.458844
1 0.582999 0.400290 0.048015 0.037105
1 0.489948 0.387544 0.073010 0.050685
1 0.669996 0.415818 0.061494 0.049230
