0 0.736619 0.551490 0.198789 0.829736
0 0.370708 0.538605 0.170128 0.782643
0 0.498904 0.370446 0.152528 0.467148
0 0.892258 0.427751 0.034350 0.191295
0 0.824283 0.415470 0.032258 0.211323
0 0.799909 0.410793 0.028575 0.164256
0 0.580828 0.384653 0.019101 0.105215
0 0.934282 0.382891 0.017377 0.089578
1 0.691009 0.189811 0.071404 0.104426
1 0.827520 0.322341 0.017549 0.024021
1 0.406208 0.200671 0.067921 0.104811
1 0.516049 0.186722 0.056252 0.097941
1 0.798785 0.339442 0.012421 0.019958
2 0.893214 0.389983 0.032137 0.073196
