0 0.860212 0.621390 0.064075 0.416584
0 0.539016 0.574609 0.056542 0.325697
0 0.206793 0.667411 0.134187 0.596239
0 0.596966 0.581554 0.066975 0.351915
0 0.671807 0.582520 0.067798 0.357548
0 0.483993 0.575464 0.078826 0.375072
0 0.719714 0.539139 0.034882 0.208772
0 0.439903 0.478631 0.029240 0.094698
0 0.766759 0.492027 0.026146 0.077200
0 0.645904 0.474298 0.021932 0.069912
2 0.595931 0.520702 0.055010 0.134516
2 0.540420 0.518583 0.049324 0.119890
2 0.482854 0.508754 0.057725 0.141337
2 0.670458 0.520892 0.055062 0.135398
2 0.858691 0.543139 0.059913 0.164406
2 0.235222 0.560930 0.078259 0.238370
