0 0.710887 0.589568 0.368827 0.813927
0 0.288994 0.508782 0.373508 0.822408
0 0.593295 0.428344 0.041416 0.227470
0 0.719676 0.414602 0.027029 0.158135
0 0.676868 0.406823 0.026957 0.104957
0 0.569465 0.374890 0.024330 0.062080
0 0.535291 0.376854 0.022281 0.074165
1 0.257768 0.166835 0.120651 0.134636
1 0.783943 0.259819 0.145129 0.153083
1 0.535854 0.351522 0.013570 0.022506
1 0.588655 0.332677 0.026021 0.034940
1 0.567244 0.355915 0.015147 0.023724
2 0.801597 0.717711 0.187277 0.554977
2 0.199418 0.559273 0.185421 0.514811
