0 0.775000 0.762766 0.156121 0.470148
0 0.267265 0.761051 0.299040 0.474047
0 0.792601 0.254365 0.185604 0.482972
0 0.224548 0.247788 0.255987 0.459570
0 0.614765 0.206648 0.035877 0.148825
0 0.268227 0.231972 0.024429 0.108198
1 0.614196 0.142467 0.013931 0.019439
1 0.780707 0.563219 0.077492 0.071011
1 0.321991 0.580481 0.124552 0.112542
1 0.218672 0.080701 0.104229 0.124523
1 0.790290 0.060813 0.099972 0.097363
2 0.779367 0.774807 0.126190 0.255111
2 0.174499 0.320242 0.154709 0.302394
2 0.790617 0.328714 0.155429 0.333214
2 0.316945 0.854715 0.147333 0.286655
