0 0.616538 0.571896 0.110411 0.534788
0 0.485759 0.585646 0.128105 0.594872
0 0.731318 0.548163 0.101081 0.528568
0 0.333588 0.607679 0.167885 0.665778
0 0.821028 0.523933 0.091449 0.494430
0 0.577450 0.418263 0.037018 0.154591
0 0.253672 0.466107 0.046061 0.220018
0 0.411371 0.429301 0.030394 0.175215
0 0.650296 0.380834 0.019884 0.095374
0 0.296052 0.388117 0.030901 0.101340
0 0.968196 0.396755 0.053679 0.122876
0 0.391942 0.388808 0.023539 0.087808
0 0.254212 0.399001 0.044420 0.085410
1 0.240253 0.365624 0.016856 0.020648
1 0.295940 0.352231 0.019305 0.031836
2 0.740826 0.453743 0.077081 0.190506
2 0.344400 0.489104 0.087475 0.235345
2 0.489602 0.474865 0.077672 0.215425
2 0.618076 0.487867 0.066159 0.208318
2 0.828612 0.436858 0.074784 0.181166
