0 0.626192 0.614163 0.102234 0.536888
0 0.737755 0.620570 0.107572 0.531514
0 0.318710 0.609756 0.104664 0.525086
0 0.432929 0.620124 0.100644 0.502199
0 0.114912 0.544093 0.061502 0.300485
0 0.526911 0.603941 0.097297 0.519260
0 0.927682 0.564503 0.076044 0.318423
0 0.796396 0.472817 0.044140 0.127771
0 0.834882 0.465431 0.032837 0.098419
0 0.256787 0.483978 0.036468 0.142091
0 0.199177 0.521535 0.038581 0.239882
0 0.686501 0.500737 0.030838 0.166866
0 0.458988 0.446843 0.020793 0.052402
0 0.393046 0.461917 0.022554 0.056394
0 0.765540 0.438383 0.019476 0.040880
0 0.372247 0.449037 0.015898 0.060600
0 0.953875 0.480819 0.033323 0.116791
1 0.326203 0.371755 0.043883 0.048204
1 0.435340 0.393172 0.041796 0.047560
1 0.529629 0.367641 0.039368 0.046442
1 0.609127 0.369882 0.045556 0.047312
1 0.734927 0.379751 0.044267 0.048890
1 0.456163 0.429638 0.011453 0.016558
2 0.527084 0.513712 0.066851 0.175816
