0 0.664368 0.526744 0.268042 0.776592
0 0.339788 0.509864 0.263898 0.802319
0 0.491235 0.345347 0.031535 0.077032
0 0.250344 0.346638 0.078165 0.192264
0 0.453400 0.367106 0.045321 0.126745
0 0.194864 0.282561 0.040196 0.071426
0 0.734776 0.352544 0.016167 0.070483
0 0.523741 0.378466 0.024909 0.082197
0 0.812077 0.337336 0.038795 0.092598
0 0.254836 0.458239 0.084678 0.413857
1 0.415566 0.167669 0.070028 0.115311
1 0.607272 0.189189 0.076946 0.099242
1 0.260179 0.272939 0.032637 0.044629
1 0.525927 0.348947 0.012185 0.022646
2 0.329918 0.375114 0.162080 0.336299
2 0.678900 0.411453 0.150752 0.326834
