0 0.110194 0.660542 0.099691 0.527594
0 0.477308 0.625231 0.081193 0.444476
0 0.304620 0.643535 0.079612 0.487397
0 0.214920 0.623957 0.102980 0.544294
0 0.633486 0.613387 0.070277 0.473928
0 0.902907 0.665420 0.096628 0.598179
0 0.559130 0.601875 0.080337 0.481412
0 0.382114 0.602121 0.115975 0.486784
0 0.714005 0.599100 0.098544 0.451210
0 0.819406 0.666344 0.091521 0.503655
0 0.517093 0.399359 0.032529 0.160475
0 0.461132 0.354593 0.013926 0.086774
0 0.269380 0.102220 0.020116 0.096608
0 0.342109 0.195384 0.016962 0.078850
0 0.211168 0.057998 0.021305 0.109226
0 0.603077 0.422429 0.035463 0.177870
0 0.958903 0.439284 0.054776 0.192491
0 0.287698 0.386254 0.037428 0.115258
0 0.196153 0.392103 0.026885 0.107551
0 0.842466 0.457241 0.052183 0.153860
1 0.726420 0.403949 0.033261 0.059790
1 0.402722 0.382208 0.040626 0.045560
1 0.108092 0.425235 0.050417 0.055929
1 0.563099 0.385167 0.038859 0.047689
1 0.220698 0.381608 0.044175 0.057265
1 0.885868 0.395340 0.049847 0.057414
1 0.638057 0.398506 0.037000 0.043622
1 0.286477 0.343039 0.022741 0.027450
1 0.302588 0.423448 0.042511 0.045969
1 0.605965 0.345293 0.020970 0.022629
1 0.819967 0.441486 0.045757 0.053354
1 0.963985 0.359609 0.033762 0.032586
1 0.832569 0.403605 0.030894 0.044934
1 0.517874 0.327946 0.011423 0.016746
1 0.271750 0.061648 0.010694 0.015271
1 0.459771 0.317976 0.007571 0.012486
1 0.212833 0.012142 0.010803 0.016468
1 0.196344 0.350666 0.025370 0.023366
1 0.518265 0.311995 0.007355 0.011106
2 0.635837 0.530910 0.060879 0.159585
2 0.303171 0.563336 0.064838 0.165666
2 0.817012 0.592748 0.072641 0.187565
2 0.902522 0.550782 0.075976 0.200212
2 0.110220 0.577022 0.076524 0.188203
2 0.518931 0.375313 0.032000 0.063148
2 0.478264 0.549291 0.061556 0.163931
2 0.960595 0.456676 0.057686 0.128364
