0 0.335081 0.626170 0.101384 0.524083
0 0.752432 0.627054 0.106270 0.540856
0 0.137039 0.552497 0.061364 0.299929
0 0.440158 0.615454 0.108254 0.547327
0 0.839947 0.466031 0.041862 0.121950
0 0.638461 0.618946 0.096570 0.533878
0 0.547387 0.624743 0.096501 0.524365
0 0.211637 0.513606 0.043333 0.243302
0 0.681310 0.592557 0.047832 0.441858
0 0.584377 0.559330 0.045639 0.427142
0 0.488335 0.590314 0.042050 0.412308
0 0.403408 0.427186 0.018086 0.055255
2 0.548746 0.525530 0.073762 0.187897
2 0.440555 0.504194 0.080311 0.186895
2 0.747791 0.524663 0.077103 0.199139
2 0.640261 0.514332 0.073125 0.192054
2 0.334136 0.536585 0.074004 0.190183
