0 0.353041 0.650398 0.118408 0.433030
0 0.642643 0.728233 0.107480 0.537598
0 0.499032 0.560487 0.076307 0.214054
0 0.537998 0.504304 0.052337 0.149317
0 0.677040 0.577481 0.055140 0.287400
0 0.745371 0.444896 0.025401 0.120648
0 0.168525 0.759397 0.119209 0.349229
0 0.524175 0.451839 0.026447 0.094875
1 0.187885 0.615475 0.041010 0.060867
1 0.356800 0.468948 0.051864 0.068032
1 0.497056 0.475214 0.037006 0.041871
1 0.548931 0.451870 0.029656 0.043408
1 0.666341 0.455821 0.033660 0.041781
1 0.645179 0.492141 0.040700 0.064450
1 0.524750 0.416577 0.018748 0.023693
2 0.186390 0.803122 0.082499 0.237769
2 0.332704 0.633427 0.077852 0.234997
2 0.486062 0.591834 0.049306 0.147319
2 0.645742 0.673328 0.087123 0.239821
