0 0.312742 0.619753 0.210297 0.755129
0 0.501672 0.554484 0.261044 0.885163
0 0.146222 0.433318 0.057284 0.283213
0 0.081555 0.452577 0.076589 0.299532
0 0.724695 0.370026 0.248928 0.491671
0 0.655880 0.378714 0.054872 0.200900
0 0.608738 0.365798 0.018090 0.096830
0 0.555271 0.363779 0.022191 0.079370
0 0.523803 0.387480 0.026209 0.146031
0 0.803197 0.326618 0.016564 0.043275
0 0.966169 0.421788 0.034138 0.194159
1 0.342075 0.291771 0.078297 0.097064
1 0.484908 0.171203 0.075125 0.115645
1 0.702209 0.186105 0.081977 0.122092
1 0.664528 0.299764 0.026512 0.042392
1 0.608289 0.325285 0.010318 0.015149
