0 0.257743 0.596583 0.111656 0.551108
0 0.374850 0.595754 0.100646 0.530794
0 0.479758 0.588163 0.106098 0.540185
0 0.585591 0.585815 0.106177 0.552478
0 0.697759 0.595904 0.111289 0.553299
0 0.636688 0.557796 0.054609 0.453004
0 0.929733 0.441638 0.050489 0.150505
0 0.185593 0.523684 0.052199 0.284210
0 0.773440 0.519279 0.050429 0.272728
0 0.860820 0.459228 0.054739 0.158699
0 0.342850 0.423651 0.030531 0.071009
1 0.376902 0.354288 0.043712 0.046921
1 0.259787 0.346732 0.048204 0.050729
1 0.573049 0.334652 0.043305 0.049047
1 0.480858 0.342854 0.045614 0.048772
1 0.684385 0.345253 0.044176 0.050642
1 0.636009 0.352161 0.034727 0.041440
1 0.922279 0.381733 0.022250 0.030077
2 0.695154 0.499898 0.081044 0.198616
