0 0.304807 0.648593 0.080583 0.477000
0 0.110019 0.665389 0.101903 0.518064
0 0.400093 0.602523 0.089744 0.485949
0 0.815746 0.642373 0.099418 0.551253
0 0.633493 0.617059 0.074093 0.467108
0 0.215456 0.631062 0.101707 0.530296
0 0.477250 0.625234 0.080065 0.444526
0 0.559394 0.608768 0.080287 0.468136
0 0.713919 0.606434 0.098279 0.436848
0 0.909738 0.666985 0.105333 0.594471
0 0.517432 0.400178 0.033837 0.163585
0 0.459349 0.354150 0.018089 0.087377
0 0.604233 0.412649 0.037270 0.159795
0 0.267626 0.100831 0.022888 0.096514
0 0.200985 0.387010 0.031450 0.093892
0 0.207469 0.057601 0.026394 0.109041
0 0.977154 0.308251 0.033980 0.110543
1 0.605882 0.344788 0.021241 0.023865
1 0.459660 0.317773 0.007918 0.012778
1 0.517915 0.327818 0.011353 0.016809
1 0.201024 0.353625 0.029537 0.026492
1 0.271441 0.060647 0.011053 0.015914
1 0.212707 0.012628 0.011813 0.018323
2 0.461540 0.337079 0.012646 0.025971
