0 0.304935 0.647872 0.080855 0.477345
0 0.110260 0.665440 0.101978 0.518354
0 0.477271 0.624632 0.080064 0.443964
0 0.633349 0.616786 0.073990 0.466481
0 0.559470 0.608699 0.080248 0.467276
0 0.714729 0.605468 0.099883 0.437227
0 0.517633 0.399735 0.033911 0.162967
0 0.400048 0.602400 0.089881 0.485592
0 0.215578 0.630935 0.102045 0.529804
0 0.815870 0.642115 0.099658 0.551105
0 0.909798 0.667024 0.105107 0.593417
0 0.460131 0.354328 0.015872 0.086824
0 0.604274 0.411980 0.037291 0.158399
0 0.267671 0.101055 0.022948 0.096785
0 0.207116 0.057382 0.026734 0.108347
0 0.200456 0.383944 0.030613 0.087390
0 0.073749 0.322206 0.018673 0.065035
0 0.951576 0.292055 0.056018 0.077195
1 0.605930 0.344748 0.021111 0.023783
1 0.200575 0.353392 0.029281 0.025635
1 0.517855 0.327500 0.011025 0.016736
1 0.459769 0.317940 0.007765 0.012461
1 0.271624 0.060465 0.010541 0.015186
1 0.212583 0.012605 0.011268 0.018108
2 0.461055 0.337429 0.013322 0.026673
