0 0.306681 0.604314 0.107254 0.357234
0 0.474542 0.554263 0.079042 0.406272
0 0.381460 0.447744 0.045092 0.219294
0 0.130006 0.718242 0.224853 0.558828
0 0.913616 0.616571 0.156800 0.364817
0 0.079268 0.460863 0.088624 0.201420
0 0.308931 0.339788 0.036969 0.081547
0 0.228234 0.398564 0.041994 0.122477
0 0.153957 0.395966 0.044111 0.123272
0 0.511808 0.410320 0.049561 0.111961
0 0.437149 0.478566 0.028855 0.257330
0 0.681802 0.490171 0.103104 0.270948
0 0.943453 0.431543 0.048748 0.121814
0 0.530602 0.387011 0.012648 0.066055
0 0.174626 0.367901 0.020521 0.050486
0 0.250020 0.366359 0.015394 0.049859
1 0.385747 0.350307 0.018755 0.024130
1 0.511342 0.367133 0.019667 0.024622
1 0.946995 0.388209 0.030410 0.034028
1 0.301777 0.306395 0.011023 0.013853
1 0.230777 0.347121 0.014013 0.018466
1 0.441501 0.356993 0.015700 0.018466
1 0.152413 0.347378 0.023407 0.026261
