0 0.185837 0.637704 0.170795 0.537959
0 0.354510 0.523652 0.146031 0.379072
0 0.447618 0.533707 0.106435 0.300639
0 0.551954 0.591577 0.105253 0.509638
0 0.614087 0.452571 0.067170 0.208995
0 0.685805 0.421185 0.051595 0.151096
0 0.710971 0.415839 0.045397 0.138741
0 0.732550 0.399081 0.033558 0.116189
0 0.761767 0.397283 0.037725 0.105219
1 0.445699 0.422068 0.055189 0.076013
1 0.554722 0.372077 0.040864 0.066596
1 0.355811 0.381610 0.062790 0.094114
1 0.223818 0.431724 0.075428 0.125065
1 0.626881 0.376851 0.032746 0.056469
1 0.682804 0.367449 0.026534 0.043398
1 0.711673 0.362981 0.023510 0.032737
1 0.737850 0.357142 0.019876 0.032147
1 0.763047 0.357981 0.018448 0.026009
1 0.776972 0.357782 0.014204 0.024350
2 0.432673 0.581098 0.076684 0.196593
2 0.172887 0.668332 0.143076 0.367570
2 0.534122 0.503691 0.067464 0.198076
2 0.330029 0.576040 0.095211 0.269634
1 0.656138 0.376277 0.028843 0.042554
