0 0.306331 0.617658 0.211784 0.758036
0 0.713512 0.573611 0.232860 0.846219
0 0.501052 0.579018 0.200078 0.835425
0 0.605648 0.428830 0.035181 0.201732
0 0.400691 0.446339 0.052523 0.270091
0 0.852310 0.416422 0.031513 0.101941
0 0.809722 0.375541 0.020999 0.078528
0 0.982761 0.394541 0.030664 0.085883
0 0.542681 0.372151 0.028682 0.062169
1 0.498860 0.219922 0.083832 0.116819
1 0.314559 0.286758 0.085202 0.095222
1 0.702492 0.202182 0.085934 0.102389
2 0.315534 0.665204 0.165513 0.440437
2 0.705862 0.592080 0.167526 0.458755
2 0.499751 0.600930 0.155464 0.439114
