0 0.479873 0.587527 0.105858 0.538844
0 0.374999 0.594680 0.100275 0.529095
0 0.585810 0.585610 0.106134 0.551279
0 0.637129 0.557586 0.054564 0.452777
0 0.257783 0.596192 0.111623 0.550057
0 0.697950 0.595980 0.111028 0.552894
0 0.773810 0.519524 0.049454 0.274288
0 0.185339 0.523277 0.051075 0.284488
0 0.929776 0.441106 0.049486 0.149726
0 0.343181 0.422056 0.030240 0.067534
0 0.439075 0.450523 0.022376 0.098850
0 0.861330 0.458831 0.054827 0.158377
0 0.708918 0.388617 0.016239 0.040200
0 0.410735 0.419359 0.014610 0.043925
0 0.744777 0.443634 0.018224 0.053102
0 0.398959 0.397741 0.016075 0.052451
0 0.320740 0.420268 0.026774 0.051853
0 0.730003 0.416467 0.013683 0.035687
1 0.376746 0.354044 0.043949 0.046887
1 0.573362 0.334567 0.043066 0.048411
1 0.481010 0.342485 0.044312 0.047962
1 0.259856 0.346707 0.048136 0.050340
1 0.684941 0.345022 0.044671 0.049941
1 0.635901 0.351961 0.035119 0.041236
1 0.922412 0.381088 0.021792 0.029290
1 0.709086 0.384094 0.015117 0.030703
2 0.695372 0.500466 0.082193 0.198814
