0 0.509670 0.482340 0.191893 0.564752
0 0.234217 0.583954 0.143851 0.712400
0 0.727770 0.447175 0.152653 0.385905
0 0.817249 0.404133 0.125253 0.291195
0 0.389981 0.522829 0.091545 0.538341
0 0.560956 0.428177 0.058629 0.332291
1 0.839597 0.308919 0.057848 0.099331
1 0.745518 0.310810 0.070352 0.112316
1 0.522994 0.274169 0.092055 0.147585
1 0.259607 0.276514 0.055777 0.097158
1 0.408871 0.294403 0.045236 0.079388
1 0.576223 0.294524 0.024122 0.062897
2 0.799065 0.445283 0.087793 0.205420
2 0.702642 0.502782 0.102059 0.272448
2 0.488562 0.568457 0.146553 0.389440
2 0.240990 0.455710 0.108923 0.258333
2 0.390772 0.431826 0.089661 0.188112
