0 0.706897 0.299678 0.183163 0.300635
0 0.293480 0.306177 0.152494 0.381097
0 0.698643 0.797886 0.152748 0.399385
0 0.899738 0.315035 0.136204 0.359965
0 0.272672 0.788001 0.137468 0.419644
0 0.094268 0.257461 0.187771 0.383734
0 0.101603 0.794728 0.193188 0.406324
0 0.903097 0.770614 0.191512 0.338958
0 0.501237 0.311026 0.183095 0.371250
0 0.482493 0.787213 0.160269 0.421175
2 0.864147 0.820289 0.113168 0.234099
2 0.066076 0.306356 0.131369 0.279693
2 0.268431 0.817251 0.127984 0.269409
2 0.677200 0.350029 0.123455 0.199004
2 0.140722 0.853094 0.114163 0.286069
2 0.694665 0.855877 0.127941 0.278618
2 0.470451 0.767424 0.132507 0.223746
2 0.288380 0.363901 0.124240 0.266248
2 0.463152 0.364791 0.106589 0.264990
2 0.892198 0.324378 0.121807 0.202297
