0 0.877861 0.725077 0.132977 0.441902
0 0.734586 0.682435 0.148599 0.391297
0 0.198020 0.643892 0.131737 0.627686
0 0.304400 0.590578 0.108812 0.614958
0 0.470349 0.599137 0.117714 0.577803
0 0.569704 0.627821 0.095000 0.519456
0 0.635576 0.460195 0.029148 0.095823
0 0.673268 0.455356 0.038384 0.078468
0 0.609244 0.455044 0.012059 0.028822
1 0.734380 0.518293 0.047993 0.061281
1 0.884973 0.539117 0.056104 0.068912
1 0.504533 0.352353 0.046015 0.084029
1 0.298754 0.315464 0.048010 0.063710
1 0.210549 0.365078 0.059320 0.068616
2 0.476587 0.515485 0.093926 0.239360
