0 0.683704 0.364204 0.041144 0.230093
0 0.635125 0.351825 0.050038 0.258346
0 0.436447 0.343091 0.042391 0.223858
0 0.732213 0.362055 0.052019 0.243898
0 0.780123 0.357704 0.044899 0.258333
0 0.689271 0.830024 0.042727 0.250047
0 0.479962 0.346223 0.038005 0.216354
0 0.325289 0.335931 0.043272 0.231095
0 0.635966 0.819023 0.050421 0.261676
0 0.369765 0.339747 0.044444 0.223421
0 0.281965 0.342173 0.041127 0.219852
0 0.578498 0.351019 0.036062 0.219972
0 0.824434 0.819208 0.039430 0.198769
0 0.516930 0.338372 0.037775 0.229896
0 0.730897 0.821711 0.040948 0.262089
0 0.243525 0.342754 0.037927 0.216066
0 0.772144 0.820556 0.048019 0.265020
0 0.963750 0.341649 0.068976 0.319207
0 0.934447 0.814409 0.037406 0.210056
0 0.973205 0.819005 0.038504 0.196432
0 0.552062 0.342419 0.035391 0.217332
0 0.141155 0.844041 0.036639 0.225954
0 0.172799 0.350444 0.040976 0.229424
0 0.575687 0.811126 0.039217 0.226149
0 0.338842 0.833181 0.037037 0.207203
0 0.862775 0.819754 0.033018 0.190048
0 0.061972 0.839075 0.036458 0.228153
0 0.227336 0.829441 0.044412 0.224742
0 0.303433 0.827103 0.035947 0.204425
0 0.925007 0.348995 0.050651 0.302131
0 0.180006 0.835579 0.041103 0.239439
0 0.216738 0.333796 0.035725 0.210723
0 0.897282 0.817832 0.034097 0.193094
0 0.268078 0.826649 0.040419 0.222836
0 0.538667 0.818491 0.039729 0.209777
0 0.137946 0.340325 0.036770 0.229248
0 0.375955 0.829163 0.036864 0.218870
0 0.082461 0.337920 0.034398 0.213196
0 0.432598 0.811067 0.043790 0.220172
0 0.467404 0.818645 0.029726 0.187480
0 0.889220 0.340960 0.043950 0.313359
0 0.019275 0.347488 0.035258 0.214948
0 0.101615 0.836049 0.044540 0.240366
0 0.022749 0.833645 0.044353 0.236531
0 0.108485 0.362588 0.033717 0.206324
0 0.051270 0.352561 0.037634 0.217257
0 0.500015 0.812704 0.042432 0.216155
1 0.269826 0.725083 0.014350 0.019843
1 0.516764 0.233839 0.014477 0.021633
2 0.141180 0.804963 0.034616 0.085471
2 0.138244 0.294840 0.033754 0.080847
2 0.730903 0.774872 0.037374 0.094229
2 0.780120 0.307649 0.036379 0.093468
2 0.635207 0.302771 0.035623 0.091211
2 0.376972 0.792851 0.037745 0.086405
2 0.683012 0.322099 0.032418 0.081915
2 0.062283 0.799557 0.034742 0.082855
2 0.551940 0.303504 0.031400 0.073758
2 0.436512 0.306382 0.031810 0.079304
2 0.773348 0.769856 0.037660 0.092338
2 0.101605 0.793662 0.034722 0.086762
2 0.690380 0.784702 0.035814 0.090384
2 0.020000 0.306883 0.030651 0.074514
2 0.480497 0.307662 0.031446 0.078456
2 0.171845 0.308721 0.032207 0.078982
2 0.731241 0.318819 0.037706 0.095155
2 0.636692 0.770042 0.036575 0.093340
2 0.574055 0.771234 0.031594 0.081196
2 0.972773 0.294329 0.050899 0.155058
2 0.268348 0.789105 0.034334 0.082283
2 0.324290 0.294128 0.032566 0.080283
2 0.052080 0.314349 0.030174 0.075164
2 0.433326 0.773914 0.038323 0.086858
2 0.824764 0.782804 0.028164 0.072921
2 0.179879 0.793542 0.035698 0.088770
2 0.281125 0.305719 0.033676 0.082274
2 0.369443 0.300981 0.031880 0.080806
