0 0.297131 0.607969 0.174114 0.609936
0 0.455315 0.607252 0.147015 0.598304
0 0.610239 0.613962 0.159682 0.624488
0 0.941673 0.617649 0.115350 0.489784
0 0.850160 0.597308 0.086989 0.381258
0 0.791716 0.595095 0.059858 0.305224
0 0.748212 0.582008 0.048313 0.225044
0 0.723656 0.583072 0.028381 0.159790
0 0.690009 0.570698 0.048334 0.194088
0 0.702628 0.574848 0.025218 0.156965
1 0.947550 0.397867 0.048342 0.049602
1 0.852026 0.425359 0.031093 0.036295
1 0.320775 0.332952 0.070339 0.058874
1 0.795962 0.456950 0.022774 0.027237
1 0.448779 0.338287 0.065861 0.059393
1 0.752833 0.482513 0.018063 0.025290
1 0.682748 0.486847 0.017731 0.025423
1 0.724297 0.512616 0.012820 0.017948
1 0.588376 0.332575 0.069227 0.060987
1 0.525847 0.480802 0.017738 0.026874
