0 0.139597 0.643219 0.082160 0.446442
0 0.768076 0.635447 0.065714 0.447949
0 0.354736 0.625814 0.074612 0.445895
0 0.558955 0.634619 0.065351 0.427926
0 0.660166 0.607853 0.082449 0.471912
0 0.889026 0.623224 0.089141 0.520788
0 0.247011 0.593789 0.083630 0.468325
0 0.450526 0.607279 0.080410 0.465109
0 0.392421 0.456795 0.028744 0.175433
0 0.541862 0.409751 0.016582 0.125983
0 0.920536 0.405762 0.034489 0.088492
0 0.581246 0.425708 0.030298 0.125727
0 0.448669 0.360229 0.020194 0.042148
0 0.526895 0.386141 0.015713 0.086009
0 0.769186 0.361777 0.014697 0.052022
0 0.470548 0.375042 0.011647 0.065473
1 0.250328 0.377847 0.029325 0.035325
1 0.134334 0.441877 0.034791 0.042252
1 0.770413 0.432019 0.031193 0.040595
1 0.887019 0.383718 0.035345 0.041200
1 0.349707 0.423613 0.033206 0.040496
1 0.563841 0.440645 0.029640 0.038824
1 0.661128 0.392271 0.031129 0.039659
1 0.392069 0.382095 0.015405 0.025032
1 0.450077 0.394477 0.030623 0.038525
1 0.584111 0.373043 0.012930 0.019373
1 0.446752 0.345988 0.010105 0.012798
1 0.543287 0.353171 0.009470 0.013228
1 0.530241 0.351338 0.007588 0.013104
