0 0.176640 0.517478 0.059816 0.086203
0 0.802635 0.491224 0.034971 0.149117
0 0.701505 0.470808 0.030691 0.168112
0 0.426387 0.590739 0.042161 0.218605
0 0.724624 0.468644 0.031259 0.162420
0 0.359105 0.534165 0.034060 0.167850
0 0.813400 0.673929 0.051735 0.169265
0 0.262271 0.442113 0.023259 0.137274
0 0.308800 0.476913 0.027483 0.151084
0 0.190144 0.383401 0.021298 0.112854
0 0.118335 0.858002 0.075442 0.280858
0 0.530721 0.371665 0.022726 0.112667
0 0.337616 0.311211 0.019157 0.067825
0 0.292283 0.707428 0.069097 0.196728
0 0.838252 0.930496 0.074278 0.135915
0 0.569519 0.367297 0.020607 0.079948
0 0.116489 0.304449 0.018416 0.075095
0 0.387717 0.279848 0.014336 0.059825
0 0.406976 0.290794 0.013583 0.047489
0 0.621050 0.403010 0.022884 0.087223
0 0.190796 0.235122 0.010968 0.055537
0 0.545723 0.335560 0.013383 0.039502
0 0.136180 0.297363 0.013658 0.042018
0 0.130692 0.130731 0.013004 0.050316
0 0.295091 0.238057 0.011985 0.036765
1 0.808844 0.426331 0.012703 0.018651
1 0.315289 0.410733 0.012637 0.018443
1 0.193257 0.332952 0.009012 0.012958
1 0.368148 0.462932 0.014281 0.024875
1 0.704811 0.396061 0.014117 0.018588
1 0.546345 0.322871 0.008699 0.012826
1 0.430901 0.494986 0.017423 0.027240
1 0.536156 0.322919 0.010413 0.014680
1 0.619825 0.365170 0.009491 0.013921
1 0.283474 0.631203 0.026402 0.043472
1 0.389743 0.255959 0.008036 0.011240
1 0.336795 0.282475 0.006635 0.009953
2 0.306716 0.705911 0.040105 0.125343
2 0.169532 0.527818 0.028717 0.058777
2 0.699161 0.449309 0.023353 0.072627
2 0.821136 0.656799 0.036629 0.083657
2 0.803812 0.477257 0.029051 0.069196
