0 0.110415 0.665420 0.101510 0.517897
0 0.305275 0.648356 0.080645 0.477689
0 0.400588 0.602455 0.091177 0.486196
0 0.215656 0.630398 0.102159 0.531327
0 0.818384 0.642376 0.096890 0.551551
0 0.478213 0.625344 0.079213 0.444664
0 0.909956 0.667103 0.105761 0.595004
0 0.634163 0.616674 0.073057 0.467687
0 0.559201 0.608892 0.079954 0.467816
0 0.714647 0.609492 0.098192 0.430254
0 0.517691 0.398819 0.034102 0.162005
0 0.459268 0.354117 0.017841 0.087405
0 0.602626 0.414804 0.035513 0.162939
0 0.342425 0.195361 0.017986 0.077696
0 0.266541 0.101065 0.025056 0.097203
0 0.955497 0.438034 0.051519 0.192269
0 0.208941 0.056966 0.022628 0.107230
0 0.202219 0.380497 0.036025 0.081083
1 0.517819 0.327626 0.011704 0.016760
1 0.459776 0.317910 0.007927 0.013646
1 0.271757 0.060619 0.011243 0.015725
1 0.963730 0.359685 0.032942 0.034702
1 0.212773 0.012437 0.011383 0.017650
1 0.605609 0.345113 0.020414 0.023196
1 0.201343 0.353718 0.032257 0.026458
2 0.635449 0.537810 0.063217 0.173875
2 0.559605 0.522666 0.068867 0.169415
2 0.305234 0.570401 0.074862 0.183487
2 0.216186 0.523300 0.075160 0.188278
2 0.400575 0.505437 0.067257 0.175849
2 0.110559 0.576068 0.077674 0.194989
2 0.821369 0.526277 0.081220 0.192386
2 0.519239 0.375861 0.031412 0.062321
2 0.908315 0.541134 0.079281 0.205564
2 0.478013 0.547364 0.065361 0.163013
