0 0.639574 0.573124 0.118596 0.696091
0 0.376893 0.570781 0.138343 0.686745
0 0.507363 0.553781 0.132143 0.676932
0 0.749787 0.388530 0.030394 0.047221
0 0.986072 0.419480 0.026434 0.121765
0 0.099394 0.423180 0.048671 0.119588
0 0.834985 0.414905 0.033754 0.119661
0 0.250013 0.405349 0.030558 0.053545
0 0.846876 0.463899 0.059647 0.217961
0 0.257324 0.395608 0.025754 0.058460
0 0.714145 0.391202 0.013551 0.054874
0 0.292781 0.408914 0.013910 0.038097
1 0.509283 0.244712 0.050069 0.057296
1 0.380383 0.260112 0.057145 0.063663
1 0.631880 0.257984 0.055856 0.064391
2 0.508184 0.429223 0.087350 0.221604
2 0.375487 0.456371 0.094399 0.240190
2 0.638154 0.457019 0.090088 0.249671
