0 0.678186 0.587885 0.195058 0.818759
0 0.519778 0.588002 0.192534 0.818219
0 0.370387 0.607609 0.150166 0.779180
0 0.253045 0.498945 0.107219 0.451161
0 0.431709 0.361580 0.020962 0.103369
0 0.469718 0.309747 0.019035 0.036756
0 0.110063 0.340734 0.024754 0.062097
0 0.313914 0.341909 0.039699 0.069976
0 0.585250 0.355354 0.054144 0.140265
0 0.332351 0.334275 0.022360 0.045063
0 0.584913 0.479025 0.057434 0.387334
0 0.393175 0.349460 0.016155 0.042673
2 0.502188 0.472617 0.130577 0.344807
2 0.676385 0.484221 0.127501 0.348055
2 0.361864 0.527300 0.130918 0.364736
