0 0.707328 0.288426 0.177510 0.296238
0 0.706364 0.797526 0.142685 0.399879
0 0.292413 0.303231 0.141928 0.386598
0 0.090917 0.255237 0.180634 0.363685
0 0.485905 0.303651 0.162421 0.381526
0 0.280415 0.773960 0.159826 0.447777
0 0.904368 0.301656 0.141035 0.385993
0 0.883047 0.747139 0.152772 0.328817
0 0.124321 0.769821 0.140675 0.349388
0 0.484582 0.772424 0.160215 0.450452
0 0.035995 0.729324 0.043980 0.081895
1 0.916602 0.142180 0.069451 0.066579
1 0.698517 0.646351 0.075576 0.096989
1 0.285184 0.154118 0.076483 0.087713
1 0.306343 0.593946 0.069665 0.087665
1 0.712860 0.184906 0.075233 0.087416
1 0.481660 0.154062 0.081149 0.081293
1 0.128456 0.636465 0.081697 0.081674
1 0.906734 0.632011 0.074548 0.097628
1 0.528019 0.600880 0.070719 0.106490
1 0.112281 0.119608 0.076863 0.091273
1 0.042648 0.706653 0.028169 0.035156
2 0.065341 0.303395 0.129051 0.236858
2 0.674165 0.344202 0.109694 0.181781
2 0.701044 0.846765 0.117865 0.251281
2 0.147246 0.831732 0.093371 0.215863
2 0.287441 0.363329 0.123150 0.254542
2 0.473980 0.743432 0.129188 0.215781
2 0.455934 0.360941 0.101651 0.261211
2 0.275176 0.779849 0.120485 0.245780
2 0.870447 0.783048 0.109503 0.197637
2 0.892885 0.308822 0.115620 0.193648
