0 0.481938 0.596899 0.225480 0.753780
0 0.071715 0.431493 0.046670 0.211173
0 0.635533 0.596895 0.135212 0.796060
0 0.817312 0.569489 0.156006 0.853738
0 0.942691 0.433272 0.043364 0.226053
0 0.187786 0.375467 0.025729 0.082201
1 0.803734 0.192857 0.082541 0.099065
1 0.531914 0.261799 0.071728 0.082205
1 0.606045 0.242618 0.074638 0.086752
1 0.066210 0.338586 0.017446 0.024132
2 0.638417 0.455559 0.111412 0.293213
2 0.840766 0.439245 0.109071 0.334540
2 0.528563 0.502357 0.107390 0.300890
2 0.073370 0.396065 0.042786 0.083172
