0 0.559636 0.501914 0.342550 0.780502
0 0.146492 0.575519 0.126492 0.619983
0 0.239878 0.515953 0.069442 0.477277
0 0.684896 0.495216 0.164009 0.531070
0 0.387627 0.413789 0.034009 0.207478
0 0.313352 0.379416 0.031202 0.116792
0 0.404810 0.406418 0.018770 0.182575
1 0.137434 0.306859 0.056798 0.081137
1 0.560737 0.197059 0.108184 0.169056
1 0.228982 0.305506 0.040871 0.055479
1 0.684296 0.280924 0.075459 0.100551
2 0.671695 0.574647 0.129181 0.371100
2 0.485217 0.561087 0.190565 0.525532
2 0.243405 0.432471 0.059487 0.179263
2 0.165146 0.473395 0.080686 0.232656
