0 0.501932 0.437477 0.176149 0.321679
0 0.851551 0.593860 0.120969 0.517243
0 0.740614 0.421629 0.064843 0.096881
0 0.221996 0.439359 0.349466 0.654831
0 0.792313 0.425501 0.048809 0.065781
0 0.903210 0.423894 0.022098 0.068224
1 0.755130 0.394854 0.034878 0.042070
1 0.798443 0.406277 0.021066 0.025776
1 0.838655 0.362242 0.045412 0.052429
1 0.514645 0.323155 0.072061 0.091615
1 0.900885 0.400199 0.015802 0.019684
1 0.271643 0.202688 0.143784 0.179134
2 0.168354 0.519164 0.240294 0.480487
2 0.475310 0.479661 0.122209 0.239489
2 0.863802 0.497015 0.095665 0.201831
