0 0.254183 0.585500 0.410212 0.823506
0 0.802700 0.518297 0.366335 0.597964
0 0.057814 0.422304 0.063587 0.123924
0 0.664515 0.391476 0.057483 0.077783
0 0.320186 0.435642 0.036040 0.098021
0 0.286757 0.427967 0.037139 0.096959
0 0.465167 0.377543 0.166936 0.287878
0 0.320456 0.494897 0.037203 0.217237
0 0.286266 0.491904 0.039034 0.225326
1 0.072862 0.378482 0.026543 0.035019
1 0.668212 0.369604 0.027764 0.032827
1 0.317327 0.402451 0.026251 0.030296
1 0.291425 0.395054 0.024360 0.029631
1 0.790484 0.297317 0.103983 0.153443
1 0.457904 0.279719 0.070121 0.091153
1 0.252034 0.236715 0.111423 0.123545
