0 0.361673 0.566617 0.142847 0.573911
0 0.642610 0.572380 0.142845 0.590174
0 0.500100 0.572053 0.137034 0.575059
0 0.791262 0.573938 0.148993 0.600146
0 0.219554 0.561238 0.138353 0.567935
0 0.604334 0.474102 0.032639 0.179147
0 0.444933 0.461406 0.028403 0.164941
0 0.582117 0.415622 0.017815 0.053995
0 0.746178 0.492738 0.048352 0.217227
0 0.461957 0.415589 0.016800 0.040119
0 0.746413 0.432808 0.047629 0.096585
1 0.510029 0.313089 0.047121 0.056182
1 0.656140 0.305573 0.047688 0.055617
1 0.809682 0.301604 0.053622 0.054945
1 0.214787 0.305286 0.044771 0.054476
1 0.366230 0.307170 0.048502 0.053969
