0 0.737848 0.619923 0.107706 0.530649
0 0.526781 0.604869 0.097280 0.521854
0 0.318674 0.609932 0.104807 0.525848
0 0.432982 0.619913 0.100670 0.502960
0 0.114953 0.544217 0.061239 0.300956
0 0.625917 0.614595 0.102065 0.537970
0 0.927890 0.564525 0.076220 0.318859
0 0.197367 0.521861 0.042250 0.241591
0 0.257092 0.479888 0.036118 0.132769
0 0.834748 0.467598 0.032795 0.102618
0 0.796267 0.472420 0.043793 0.127096
0 0.686404 0.500726 0.031129 0.167119
0 0.458767 0.446892 0.021469 0.052165
0 0.392853 0.462131 0.022846 0.056682
0 0.765698 0.438849 0.020117 0.041827
0 0.953703 0.480876 0.032705 0.117747
0 0.371975 0.449497 0.015802 0.062301
1 0.326307 0.372036 0.044117 0.048758
1 0.608923 0.369830 0.045799 0.047792
1 0.529744 0.367437 0.039266 0.046556
1 0.434965 0.392094 0.042248 0.046037
1 0.734716 0.379857 0.044896 0.049260
1 0.456424 0.429588 0.011714 0.016795
2 0.526897 0.513430 0.065873 0.174218
