0 0.339575 0.510009 0.263232 0.802479
0 0.664094 0.527205 0.268114 0.777300
0 0.250295 0.347166 0.078619 0.193594
0 0.491472 0.345385 0.031868 0.077558
0 0.453855 0.366543 0.044982 0.127451
0 0.522675 0.371887 0.024185 0.067245
0 0.193968 0.283512 0.040717 0.072444
0 0.812407 0.336260 0.037567 0.090171
0 0.734851 0.352609 0.017144 0.071483
1 0.607108 0.189704 0.077470 0.100275
1 0.415410 0.167934 0.070473 0.116178
1 0.260174 0.272944 0.033248 0.045776
1 0.525906 0.349466 0.011415 0.022006
2 0.329743 0.375270 0.160562 0.335132
2 0.678329 0.412057 0.150875 0.325981
