0 0.868232 0.572839 0.055780 0.306461
0 0.624107 0.630989 0.095466 0.480497
0 0.477351 0.631565 0.097161 0.470606
0 0.140171 0.554214 0.048512 0.267050
0 0.382002 0.565463 0.059073 0.280347
0 0.348135 0.510916 0.020641 0.117592
0 0.318487 0.501606 0.017055 0.095798
0 0.279807 0.510466 0.032731 0.121810
0 0.401555 0.489263 0.021443 0.082376
0 0.580289 0.477998 0.019754 0.074478
0 0.722378 0.536971 0.039388 0.205813
0 0.539235 0.566848 0.087295 0.331928
1 0.867523 0.436235 0.027190 0.032551
1 0.378771 0.441510 0.022121 0.030897
1 0.725791 0.449335 0.017257 0.028915
1 0.579874 0.449751 0.013197 0.016927
1 0.128636 0.437449 0.020245 0.032276
1 0.613624 0.418271 0.038246 0.053753
1 0.349667 0.459695 0.009455 0.014080
1 0.550622 0.426242 0.029895 0.049822
1 0.483916 0.428307 0.037657 0.063000
2 0.538632 0.507306 0.090058 0.089092
2 0.458758 0.543301 0.059377 0.174329
2 0.638601 0.548592 0.067359 0.186266
