0 0.577031 0.592367 0.127756 0.610831
0 0.725664 0.583013 0.105445 0.512326
0 0.226769 0.551402 0.090023 0.444275
0 0.431323 0.615341 0.116648 0.568703
0 0.303860 0.545358 0.083912 0.431882
0 0.640284 0.556521 0.069366 0.466959
0 0.382190 0.540119 0.077942 0.456847
0 0.498745 0.550402 0.072928 0.456857
0 0.830204 0.515779 0.057763 0.278749
0 0.110360 0.510622 0.052961 0.285349
0 0.157278 0.473097 0.038473 0.190581
0 0.425818 0.244122 0.017821 0.109123
0 0.077909 0.427014 0.036529 0.095016
0 0.047374 0.415457 0.030737 0.058014
0 0.087794 0.405694 0.019523 0.061893
0 0.721489 0.109700 0.022754 0.076476
0 0.335478 0.443932 0.025375 0.129978
0 0.333731 0.412840 0.020099 0.068551
0 0.598536 0.068784 0.022112 0.042991
0 0.603461 0.108232 0.032989 0.121402
0 0.739934 0.097703 0.017804 0.070985
1 0.715286 0.350150 0.040355 0.045045
1 0.628016 0.346625 0.037427 0.046851
1 0.234959 0.348403 0.033019 0.037770
1 0.390061 0.332242 0.034013 0.040465
1 0.301770 0.349663 0.031900 0.039614
1 0.566257 0.314455 0.048307 0.053819
1 0.498909 0.343888 0.035589 0.043560
1 0.437131 0.360425 0.047399 0.057745
1 0.149060 0.388782 0.020051 0.023594
1 0.333337 0.387401 0.011197 0.016878
2 0.298717 0.468161 0.058203 0.145295
2 0.499044 0.473159 0.069317 0.163821
2 0.576284 0.471448 0.083741 0.200349
2 0.227216 0.474062 0.061296 0.155706
2 0.430846 0.520196 0.078104 0.197835
2 0.722326 0.490709 0.070098 0.171145
