0 0.109951 0.660280 0.099697 0.527715
0 0.304700 0.643419 0.079751 0.486349
0 0.476989 0.624830 0.080492 0.443702
0 0.634069 0.613396 0.071966 0.473425
0 0.517321 0.398853 0.032822 0.161380
0 0.215262 0.624087 0.101547 0.543576
0 0.815640 0.665792 0.084042 0.503159
0 0.559111 0.601123 0.079799 0.482663
0 0.714668 0.599120 0.098607 0.450120
0 0.381552 0.601864 0.116093 0.488096
0 0.461415 0.354491 0.014131 0.087072
0 0.902567 0.664839 0.096326 0.596852
0 0.602059 0.421712 0.033181 0.175810
0 0.269042 0.101972 0.021273 0.097327
0 0.342006 0.195715 0.017795 0.077738
0 0.209381 0.058159 0.025231 0.110064
0 0.287587 0.388017 0.038456 0.117717
0 0.960053 0.439750 0.057267 0.193694
0 0.195960 0.392473 0.026627 0.108341
0 0.843546 0.452312 0.053338 0.144428
1 0.724887 0.403608 0.036273 0.058082
1 0.402870 0.381699 0.040427 0.046629
1 0.108323 0.424582 0.050085 0.055100
1 0.563325 0.384620 0.038011 0.048941
1 0.638746 0.398676 0.037899 0.043314
1 0.220757 0.381495 0.044244 0.057484
1 0.302702 0.423718 0.042649 0.046112
1 0.286561 0.343090 0.022515 0.026372
1 0.886519 0.394954 0.048810 0.056676
1 0.517674 0.327095 0.011600 0.016546
1 0.819820 0.441045 0.044862 0.053431
1 0.963702 0.359651 0.033565 0.033392
1 0.605669 0.345152 0.020246 0.022510
1 0.832800 0.403392 0.030635 0.044810
1 0.271812 0.060802 0.010766 0.014507
1 0.196252 0.350687 0.024952 0.023813
1 0.459905 0.317642 0.007295 0.011965
1 0.212865 0.012255 0.010563 0.016396
1 0.340207 0.162378 0.007341 0.010032
2 0.960166 0.449799 0.048784 0.110602
2 0.517565 0.371655 0.024232 0.056641
2 0.600899 0.409534 0.030818 0.079428
