0 0.619914 0.536822 0.136791 0.675845
0 0.762025 0.557748 0.172531 0.838955
0 0.420650 0.496332 0.081305 0.519329
0 0.510051 0.501317 0.106430 0.612574
0 0.356155 0.486068 0.065073 0.462678
0 0.280882 0.427645 0.044866 0.154648
0 0.301932 0.423892 0.022488 0.153188
0 0.178902 0.427266 0.037029 0.151730
0 0.178797 0.385522 0.036417 0.068081
0 0.244544 0.401475 0.021470 0.032321
0 0.669710 0.425102 0.039272 0.059490
1 0.351121 0.276798 0.031814 0.043662
1 0.410261 0.261027 0.037672 0.048022
1 0.501929 0.224284 0.044687 0.058064
1 0.604089 0.232500 0.052700 0.066584
1 0.757505 0.176891 0.064722 0.076587
1 0.280304 0.358335 0.014976 0.016608
2 0.501146 0.416469 0.086653 0.204575
2 0.355885 0.408985 0.063517 0.157095
2 0.606268 0.419982 0.095563 0.232605
2 0.417562 0.407431 0.074067 0.173203
2 0.753618 0.420813 0.110891 0.257038
