0 0.893774 0.272767 0.183605 0.399070
0 0.294759 0.308042 0.125429 0.362872
0 0.290208 0.756144 0.169541 0.371121
0 0.513133 0.307261 0.166791 0.366796
0 0.913176 0.769923 0.085912 0.339051
0 0.493395 0.781694 0.174832 0.432535
0 0.098747 0.229876 0.196728 0.357391
0 0.714817 0.296555 0.114897 0.350601
0 0.110877 0.797983 0.150441 0.400387
0 0.677318 0.726892 0.144744 0.262710
1 0.458666 0.603305 0.073425 0.075484
1 0.686560 0.150417 0.053749 0.057106
1 0.304654 0.163053 0.063472 0.072356
1 0.906827 0.618064 0.031699 0.034709
1 0.459644 0.223493 0.057540 0.099273
1 0.311096 0.618216 0.064902 0.094477
1 0.129925 0.628770 0.057779 0.060953
1 0.926030 0.122742 0.069855 0.098667
1 0.135668 0.105190 0.072994 0.106689
1 0.722453 0.643263 0.053771 0.093188
2 0.694423 0.267809 0.071951 0.130794
2 0.659180 0.735828 0.108132 0.184633
2 0.067156 0.254854 0.133250 0.254674
2 0.303395 0.336520 0.101112 0.224543
2 0.861834 0.295136 0.119320 0.240374
2 0.130565 0.797214 0.103996 0.228943
2 0.272177 0.717034 0.133214 0.167966
2 0.461509 0.801909 0.094429 0.258659
2 0.912635 0.706922 0.056851 0.120573
2 0.501651 0.382681 0.118596 0.218050
