0 0.353150 0.650511 0.117923 0.433448
0 0.642858 0.728654 0.108161 0.537752
0 0.500388 0.560163 0.077884 0.212713
0 0.168501 0.790898 0.118794 0.413383
0 0.537781 0.504335 0.052058 0.149036
0 0.676879 0.577858 0.053930 0.287629
0 0.524298 0.454961 0.026159 0.101920
0 0.972761 0.424824 0.020065 0.060914
0 0.740189 0.440986 0.015717 0.110572
0 0.821831 0.405498 0.017653 0.054446
0 0.747976 0.446383 0.026186 0.122659
1 0.187681 0.615646 0.040932 0.061317
1 0.357195 0.469081 0.051989 0.068390
1 0.497198 0.475704 0.036865 0.042199
1 0.548800 0.452167 0.029015 0.043703
1 0.666715 0.455465 0.034112 0.041281
1 0.645353 0.493713 0.040955 0.066497
1 0.524843 0.416610 0.018302 0.025467
2 0.188251 0.801159 0.078714 0.236012
2 0.332869 0.632402 0.077701 0.235829
2 0.486299 0.590688 0.048949 0.147250
2 0.645500 0.672773 0.087021 0.240963
