0 0.754744 0.617896 0.129784 0.521234
0 0.871392 0.640257 0.110730 0.670677
0 0.160221 0.657726 0.113559 0.615684
0 0.644886 0.598757 0.103789 0.546468
0 0.460726 0.600669 0.090939 0.533968
0 0.549950 0.623886 0.088890 0.499681
0 0.378516 0.613530 0.079272 0.516441
0 0.280056 0.584085 0.144467 0.546957
1 0.283380 0.334431 0.032631 0.046812
2 0.645574 0.500474 0.072875 0.200768
2 0.380739 0.530299 0.071380 0.204344
2 0.876991 0.500288 0.084724 0.221601
2 0.549268 0.553502 0.072814 0.205491
2 0.161957 0.539689 0.090550 0.206827
2 0.738771 0.523126 0.082113 0.183045
2 0.461537 0.512391 0.072459 0.195669
2 0.293031 0.474174 0.080078 0.196893
