0 0.754856 0.617797 0.129709 0.520991
0 0.159752 0.656824 0.112737 0.614523
0 0.460746 0.600450 0.090821 0.532959
0 0.549984 0.623589 0.088773 0.499451
0 0.378571 0.613599 0.079359 0.515245
0 0.645055 0.598261 0.103844 0.546235
0 0.871456 0.640223 0.110763 0.670365
0 0.280014 0.583997 0.144640 0.546771
1 0.283088 0.333518 0.033805 0.046380
2 0.645756 0.500342 0.073117 0.200559
2 0.549507 0.553608 0.074409 0.204757
2 0.380467 0.529958 0.073231 0.203960
2 0.877154 0.500985 0.085096 0.221838
2 0.162499 0.541329 0.092852 0.210274
2 0.461547 0.512394 0.072975 0.195231
2 0.738869 0.522968 0.081989 0.182022
2 0.292866 0.473422 0.080031 0.198141
