0 0.500596 0.295290 0.133778 0.387640
0 0.903352 0.768159 0.137019 0.459855
0 0.297083 0.770856 0.151513 0.454779
0 0.110269 0.789626 0.174947 0.416931
0 0.721904 0.758962 0.142622 0.478276
0 0.090107 0.246417 0.179049 0.396205
0 0.503018 0.793571 0.177350 0.376765
0 0.703879 0.284993 0.136471 0.404476
0 0.887153 0.277857 0.112073 0.422703
0 0.279286 0.261829 0.158796 0.452717
1 0.895473 0.100263 0.067001 0.067064
1 0.701350 0.111569 0.064785 0.056752
1 0.902834 0.566032 0.049498 0.054834
1 0.305365 0.573936 0.065940 0.060405
1 0.481266 0.145233 0.073945 0.086738
1 0.155572 0.621920 0.074662 0.080218
1 0.522206 0.649715 0.062937 0.087674
1 0.122352 0.102563 0.078057 0.107209
1 0.710086 0.556630 0.064239 0.073010
1 0.290048 0.081970 0.070732 0.092412
2 0.885956 0.278989 0.110459 0.232757
2 0.268057 0.282499 0.127427 0.265047
2 0.475057 0.770238 0.122294 0.175867
2 0.492909 0.339966 0.112045 0.245221
2 0.728345 0.736184 0.103936 0.228647
2 0.066418 0.298743 0.131311 0.282561
2 0.686005 0.269156 0.100823 0.193641
2 0.146210 0.824565 0.094150 0.255665
2 0.902557 0.729966 0.091305 0.196030
2 0.296539 0.747690 0.103179 0.208632
