0 0.172036 0.597878 0.219151 0.625362
0 0.849138 0.632119 0.210324 0.652453
0 0.315127 0.512288 0.114298 0.364934
0 0.601345 0.455028 0.130263 0.301935
0 0.968681 0.386091 0.042171 0.163188
0 0.399944 0.447073 0.096702 0.301256
0 0.353413 0.380616 0.026291 0.151810
0 0.777610 0.322024 0.015363 0.050268
0 0.897934 0.326668 0.019086 0.047783
0 0.686527 0.341520 0.014167 0.082372
0 0.422745 0.337130 0.015067 0.074193
2 0.742189 0.519386 0.103288 0.292218
2 0.144656 0.573175 0.140974 0.367424
2 0.298079 0.527222 0.079481 0.221653
2 0.887712 0.621364 0.132201 0.401828
2 0.382696 0.458573 0.062346 0.202022
2 0.631525 0.496250 0.067767 0.214264
0 0.724504 0.482300 0.142590 0.383800
