0 0.860055 0.621580 0.064195 0.417934
0 0.206688 0.667950 0.134940 0.598013
0 0.484055 0.575240 0.079651 0.375625
0 0.671868 0.582665 0.068105 0.357653
0 0.538088 0.574487 0.058820 0.325949
0 0.596970 0.581682 0.067041 0.352103
0 0.719133 0.539101 0.035897 0.208488
0 0.436934 0.476792 0.035323 0.099424
0 0.767356 0.492734 0.027265 0.077946
0 0.646020 0.473754 0.021958 0.068904
2 0.539940 0.518656 0.050030 0.120699
2 0.595606 0.521206 0.054615 0.134201
2 0.483222 0.508901 0.056826 0.140790
2 0.858821 0.542540 0.059428 0.164782
2 0.670297 0.520649 0.053923 0.135338
2 0.235057 0.560594 0.078350 0.238047
