0 0.892603 0.427526 0.033134 0.191302
0 0.824127 0.415391 0.032304 0.210911
0 0.737314 0.551061 0.197770 0.828279
0 0.370611 0.538523 0.169719 0.781184
0 0.800587 0.410471 0.027485 0.163627
0 0.499298 0.370405 0.152182 0.466191
0 0.933521 0.381287 0.019729 0.090291
0 0.580750 0.384916 0.018417 0.103786
1 0.827398 0.322153 0.017319 0.023477
1 0.799124 0.339226 0.012490 0.019413
1 0.406502 0.200700 0.067454 0.103685
1 0.690854 0.189449 0.070729 0.103619
1 0.516285 0.186771 0.055660 0.097023
1 0.583376 0.343633 0.011195 0.019727
2 0.893650 0.389374 0.031042 0.073293
