0 0.470664 0.565346 0.163289 0.594510
0 0.202952 0.555007 0.126807 0.566630
0 0.832703 0.575554 0.128689 0.569075
0 0.302813 0.576294 0.176419 0.561355
0 0.706111 0.578322 0.128145 0.538164
0 0.582287 0.561416 0.124865 0.560667
0 0.372624 0.399262 0.027433 0.122029
0 0.521347 0.363110 0.026178 0.069304
0 0.549503 0.434874 0.032224 0.239335
0 0.549708 0.371120 0.030892 0.111195
0 0.693304 0.360847 0.028327 0.088286
1 0.189209 0.298956 0.043216 0.053093
1 0.462915 0.295321 0.046137 0.052584
1 0.309511 0.324554 0.045485 0.056206
1 0.836698 0.320133 0.049002 0.057203
1 0.719822 0.333420 0.042496 0.046654
1 0.595246 0.309666 0.042606 0.055452
1 0.553217 0.329639 0.021957 0.026983
1 0.522741 0.336869 0.009981 0.015983
