0 0.791840 0.587709 0.182589 0.818883
0 0.631404 0.632662 0.154493 0.729993
0 0.226814 0.623755 0.157362 0.746655
0 0.369990 0.580808 0.170951 0.833057
0 0.132291 0.407850 0.050015 0.203307
0 0.047972 0.424997 0.073942 0.231055
0 0.889574 0.513532 0.071051 0.416515
0 0.707990 0.394956 0.053402 0.195489
0 0.501771 0.584188 0.193222 0.825805
1 0.237663 0.305675 0.088801 0.109973
1 0.635022 0.321343 0.080348 0.106608
1 0.368427 0.215053 0.081820 0.101507
1 0.773042 0.235156 0.085674 0.113909
1 0.520002 0.224184 0.075366 0.105363
1 0.126585 0.325412 0.025743 0.037716
2 0.230541 0.618920 0.146816 0.401029
2 0.630658 0.624270 0.125673 0.371739
2 0.510855 0.501934 0.143028 0.369962
2 0.785233 0.553781 0.147022 0.394398
2 0.369917 0.523468 0.136812 0.366476
