0 0.378323 0.630269 0.081513 0.458630
0 0.470957 0.606318 0.068174 0.417878
0 0.118821 0.689283 0.115667 0.614596
0 0.615984 0.563857 0.057723 0.347062
0 0.671055 0.536307 0.062313 0.349093
0 0.728252 0.520330 0.053246 0.316073
0 0.775645 0.509544 0.044159 0.286986
0 0.062589 0.357225 0.020803 0.063841
0 0.382819 0.351599 0.011305 0.063922
0 0.809230 0.497182 0.042860 0.270468
0 0.846549 0.480843 0.042955 0.250238
0 0.876374 0.476218 0.034993 0.229466
0 0.932185 0.460108 0.036689 0.201635
0 0.906067 0.472036 0.035005 0.206860
0 0.100090 0.350464 0.018700 0.060211
0 0.351520 0.354283 0.010289 0.035584
0 0.091652 0.352331 0.012086 0.052418
0 0.580572 0.341998 0.016514 0.035881
1 0.119798 0.406793 0.042805 0.048666
1 0.471799 0.415078 0.028441 0.034676
1 0.616593 0.405272 0.024995 0.029627
1 0.377596 0.420950 0.032429 0.039138
1 0.670965 0.377339 0.022658 0.030881
1 0.729160 0.375151 0.022279 0.025252
1 0.777153 0.379432 0.021533 0.026256
1 0.933536 0.369042 0.015848 0.019286
1 0.383193 0.326774 0.008275 0.013157
1 0.849114 0.367633 0.017476 0.023357
1 0.062848 0.331687 0.009292 0.012472
1 0.909700 0.380327 0.017075 0.022576
1 0.875905 0.372473 0.016734 0.021415
1 0.891171 0.371629 0.015316 0.020101
2 0.616734 0.516778 0.052405 0.134374
2 0.471125 0.546963 0.057659 0.158159
2 0.670398 0.484758 0.049536 0.125768
2 0.377335 0.561848 0.063300 0.171458
2 0.119194 0.587669 0.083781 0.217331
