0 0.692981 0.689746 0.042343 0.192353
0 0.633182 0.677652 0.054423 0.242185
0 0.577566 0.666631 0.034025 0.145613
0 0.867138 0.675649 0.160856 0.628635
0 0.769945 0.694622 0.032380 0.163224
0 0.138887 0.525769 0.275707 0.432107
0 0.554276 0.284493 0.019969 0.068752
0 0.470347 0.581909 0.121699 0.306309
0 0.481062 0.292671 0.015977 0.064545
0 0.527247 0.295985 0.014761 0.050783
0 0.496160 0.298845 0.014153 0.051472
0 0.465345 0.297016 0.013589 0.056449
1 0.849216 0.391072 0.059195 0.058666
1 0.486449 0.455392 0.043252 0.051683
1 0.695188 0.602529 0.013246 0.018150
