0 0.900503 0.699288 0.075070 0.380785
0 0.791777 0.677399 0.067783 0.314390
0 0.690620 0.677111 0.062797 0.316126
0 0.651058 0.653164 0.036960 0.235459
0 0.502246 0.646181 0.045163 0.221639
0 0.573970 0.661205 0.057949 0.252546
0 0.611797 0.644843 0.043969 0.220722
0 0.544500 0.640788 0.033352 0.193297
0 0.444085 0.639427 0.040593 0.178178
0 0.415109 0.630146 0.026528 0.155530
0 0.386319 0.623667 0.036969 0.169837
0 0.343769 0.627301 0.031113 0.152295
0 0.286474 0.618533 0.025477 0.121987
0 0.364862 0.621690 0.020274 0.133527
0 0.263908 0.613216 0.022697 0.110376
0 0.312671 0.623788 0.027702 0.133661
0 0.248853 0.610049 0.015635 0.094769
0 0.329492 0.616410 0.015018 0.114931
0 0.197976 0.603596 0.012156 0.067361
0 0.212605 0.603019 0.015653 0.074085
0 0.227458 0.605594 0.012553 0.071875
0 0.236498 0.608129 0.012999 0.083616
0 0.303791 0.611364 0.013635 0.107116
1 0.904149 0.526838 0.035100 0.035958
