0 0.616505 0.571448 0.110034 0.534058
0 0.731344 0.547700 0.100920 0.527980
0 0.821583 0.525195 0.089791 0.490613
0 0.333725 0.607311 0.167580 0.665594
0 0.485730 0.584492 0.127889 0.593416
0 0.650254 0.382306 0.019406 0.097445
0 0.295843 0.387454 0.029987 0.100285
0 0.411895 0.429096 0.029066 0.175141
0 0.577597 0.417996 0.037044 0.154053
0 0.253147 0.466561 0.046129 0.221449
0 0.391983 0.388760 0.022447 0.086839
0 0.967495 0.396189 0.053575 0.122446
0 0.253811 0.399115 0.044739 0.086167
0 0.433603 0.370500 0.017096 0.044879
0 0.370895 0.370477 0.011322 0.031671
1 0.239621 0.366024 0.018015 0.022620
1 0.296246 0.352177 0.018783 0.030036
2 0.344576 0.489151 0.086902 0.235266
2 0.741095 0.454320 0.077099 0.189687
2 0.618271 0.488196 0.066224 0.207891
2 0.828766 0.436853 0.074215 0.181467
2 0.489598 0.474839 0.077098 0.214966
