0 0.491695 0.545634 0.185555 0.759525
0 0.736448 0.581492 0.172759 0.832566
0 0.855329 0.540504 0.288144 0.914215
0 0.383226 0.455864 0.125459 0.642571
0 0.188194 0.384155 0.060585 0.392642
0 0.110719 0.300623 0.027761 0.166643
0 0.276160 0.420767 0.117637 0.491299
0 0.425859 0.349946 0.037804 0.266966
0 0.069903 0.284133 0.035336 0.123259
0 0.262201 0.406251 0.065923 0.389201
1 0.366694 0.165546 0.048831 0.060806
1 0.511176 0.206472 0.064503 0.079962
1 0.185881 0.207387 0.030159 0.038412
1 0.736546 0.208065 0.082992 0.084361
1 0.882669 0.137518 0.115669 0.108024
1 0.259457 0.200074 0.033543 0.049275
1 0.242518 0.230770 0.014014 0.036143
2 0.743295 0.478354 0.126011 0.336052
2 0.503564 0.433722 0.109394 0.281447
2 0.186746 0.325533 0.056173 0.146906
2 0.370105 0.354782 0.089196 0.240502
2 0.273576 0.340232 0.077431 0.181443
2 0.921993 0.487162 0.153643 0.459310
