0 0.460732 0.740262 0.103379 0.507598
0 0.832926 0.551298 0.061587 0.230948
0 0.095956 0.706943 0.167141 0.418841
0 0.800725 0.449324 0.026800 0.123288
0 0.301515 0.560744 0.061381 0.300097
0 0.733721 0.390634 0.033252 0.097452
0 0.523117 0.498018 0.030810 0.188222
0 0.705967 0.575315 0.073599 0.327370
0 0.631412 0.431168 0.027279 0.067474
0 0.608396 0.426446 0.018487 0.070561
0 0.542602 0.419886 0.011032 0.029064
0 0.341637 0.439766 0.011343 0.025477
1 0.708965 0.427174 0.023640 0.030286
1 0.737705 0.350125 0.014014 0.015610
1 0.306045 0.428737 0.024262 0.034771
1 0.524765 0.413955 0.018765 0.019685
