0 0.506200 0.799390 0.163014 0.398165
0 0.506237 0.299670 0.182760 0.390454
0 0.884240 0.293196 0.148939 0.402408
0 0.300576 0.320285 0.135455 0.350628
0 0.678803 0.814344 0.145666 0.314851
0 0.703500 0.306008 0.107995 0.374040
0 0.077104 0.793429 0.152973 0.409109
0 0.917202 0.783728 0.096317 0.376643
0 0.293982 0.719999 0.178832 0.276232
0 0.098367 0.234038 0.195715 0.366903
1 0.698707 0.147986 0.051379 0.057020
1 0.454269 0.167979 0.078815 0.101534
1 0.278687 0.193732 0.075049 0.096530
1 0.916499 0.143803 0.070195 0.103100
1 0.703138 0.695613 0.056377 0.075876
1 0.050156 0.630117 0.087941 0.081713
1 0.913761 0.614695 0.031734 0.038293
1 0.124447 0.111985 0.081682 0.121787
1 0.353752 0.635045 0.058503 0.105359
1 0.515370 0.641691 0.073097 0.082914
