0 0.499763 0.777588 0.140718 0.439549
0 0.074703 0.776080 0.146771 0.441664
0 0.753013 0.774210 0.089102 0.255980
0 0.332134 0.255793 0.139174 0.491096
0 0.954312 0.871978 0.050157 0.181537
0 0.246329 0.812662 0.054567 0.168749
0 0.900084 0.250841 0.197597 0.499146
0 0.333060 0.882734 0.045040 0.222782
0 0.438862 0.235431 0.034235 0.179856
0 0.475725 0.236018 0.026422 0.100961
0 0.579463 0.252166 0.035684 0.207990
0 0.699302 0.250489 0.204467 0.500067
0 0.554243 0.248930 0.026439 0.155337
0 0.374032 0.755784 0.029667 0.178367
0 0.058672 0.303864 0.018222 0.080516
0 0.134388 0.467487 0.022406 0.065175
0 0.532758 0.244292 0.024561 0.103274
0 0.306189 0.696610 0.035605 0.142247
0 0.062563 0.447184 0.020117 0.077098
0 0.098276 0.448799 0.021462 0.099303
0 0.101880 0.362952 0.018522 0.080649
0 0.145773 0.400962 0.018259 0.079042
0 0.081998 0.367714 0.016941 0.086523
0 0.118280 0.401037 0.017971 0.077477
0 0.085810 0.275228 0.014198 0.080603
0 0.131474 0.245763 0.012981 0.073373
0 0.168112 0.280682 0.013270 0.074695
0 0.114958 0.246338 0.014398 0.070617
0 0.168143 0.397203 0.018522 0.092614
0 0.383195 0.672545 0.024455 0.123910
2 0.499782 0.808137 0.099523 0.264398
2 0.041052 0.804310 0.079809 0.266119
2 0.304539 0.683081 0.023581 0.068887
2 0.237964 0.804760 0.039657 0.089857
2 0.439842 0.210820 0.031185 0.083305
2 0.338034 0.857264 0.037571 0.114058
2 0.766793 0.807000 0.062223 0.187156
