0 0.867357 0.572871 0.055398 0.305762
0 0.140028 0.554455 0.048589 0.267073
0 0.624008 0.631236 0.096125 0.480455
0 0.480292 0.632229 0.103469 0.472056
0 0.381841 0.565938 0.058052 0.279957
0 0.284692 0.510868 0.023633 0.121446
0 0.348154 0.511406 0.020702 0.118129
0 0.318492 0.502216 0.017288 0.096323
0 0.722450 0.538123 0.039573 0.206860
0 0.401275 0.487240 0.022092 0.078332
0 0.580226 0.478857 0.020700 0.075699
0 0.539235 0.567656 0.088369 0.333724
1 0.867276 0.436607 0.027483 0.032459
1 0.378615 0.441905 0.022339 0.030518
1 0.725698 0.449829 0.017814 0.029215
1 0.613582 0.418897 0.038520 0.054737
1 0.550383 0.426179 0.030097 0.049719
1 0.128605 0.438187 0.020284 0.033732
1 0.579460 0.450072 0.013461 0.017574
1 0.483839 0.429476 0.037896 0.065398
1 0.349310 0.459910 0.009092 0.013996
2 0.537960 0.508235 0.087651 0.094422
2 0.638841 0.548395 0.066317 0.184726
2 0.458388 0.543518 0.059287 0.173535
