0 0.701779 0.724071 0.126284 0.291096
0 0.118620 0.778256 0.117797 0.438927
0 0.443487 0.287613 0.113097 0.427933
0 0.499305 0.763840 0.143898 0.467993
0 0.914026 0.260344 0.170462 0.479109
0 0.762806 0.280796 0.139118 0.439327
0 0.248430 0.745130 0.083819 0.249784
0 0.535263 0.329239 0.074824 0.344894
0 0.662250 0.321816 0.069329 0.355119
0 0.940496 0.733953 0.050882 0.201798
0 0.397957 0.811073 0.044212 0.309321
0 0.309469 0.721973 0.058646 0.151185
0 0.311442 0.352297 0.048847 0.260150
0 0.611633 0.330549 0.069374 0.336552
0 0.034143 0.343112 0.051836 0.257059
0 0.360855 0.717629 0.030806 0.080395
0 0.335610 0.717586 0.041121 0.109516
0 0.418773 0.778928 0.024706 0.212879
0 0.074463 0.339491 0.044838 0.228289
0 0.224112 0.333438 0.043453 0.225539
0 0.145894 0.332736 0.038217 0.212474
0 0.272879 0.346384 0.042277 0.231607
0 0.110904 0.327624 0.036385 0.215440
0 0.184477 0.326422 0.038667 0.225830
0 0.095383 0.769491 0.035156 0.231625
0 0.253800 0.320700 0.030622 0.213248
0 0.126700 0.237657 0.021312 0.058384
0 0.171076 0.213275 0.010787 0.049031
0 0.204143 0.239308 0.028923 0.079000
