0 0.785260 0.436541 0.196045 0.359189
0 0.571206 0.397717 0.274165 0.466550
0 0.891707 0.387668 0.128394 0.212267
0 0.943969 0.385580 0.060684 0.114964
0 0.241330 0.499541 0.476535 0.872582
1 0.960110 0.349099 0.027618 0.040864
1 0.906805 0.316057 0.050372 0.068080
1 0.787859 0.306320 0.084832 0.097079
1 0.293963 0.168331 0.160922 0.207465
1 0.603684 0.236292 0.111698 0.142489
2 0.523408 0.461618 0.176170 0.327044
2 0.748951 0.471215 0.113398 0.211233
2 0.867895 0.416440 0.084146 0.150547
2 0.155548 0.569435 0.302837 0.628492
