0 0.710681 0.589663 0.369836 0.814535
0 0.288457 0.509366 0.374267 0.824304
0 0.593355 0.428303 0.041846 0.227544
0 0.719619 0.414944 0.027468 0.158183
0 0.675772 0.406381 0.028186 0.106540
0 0.567716 0.380356 0.028000 0.073329
1 0.257790 0.167049 0.121399 0.136826
1 0.783794 0.259785 0.145468 0.153400
1 0.588648 0.332924 0.026039 0.035359
1 0.535816 0.351575 0.013887 0.022675
1 0.567164 0.356236 0.015368 0.024343
1 0.725018 0.346030 0.013815 0.021117
2 0.801785 0.717963 0.186804 0.555574
2 0.199494 0.557664 0.185104 0.518511
