0 0.327781 0.590977 0.128142 0.467711
0 0.163480 0.654993 0.149235 0.449193
0 0.740857 0.596257 0.093073 0.415894
0 0.647508 0.539534 0.091326 0.299111
0 0.239360 0.421051 0.019568 0.065622
0 0.565629 0.438170 0.045331 0.119529
0 0.503338 0.530738 0.095013 0.230717
0 0.467107 0.463011 0.032360 0.125809
0 0.839683 0.452393 0.024653 0.134221
0 0.537766 0.504866 0.067457 0.212820
0 0.826124 0.443099 0.020272 0.120250
0 0.751125 0.427786 0.024113 0.058679
1 0.574157 0.395564 0.025412 0.034296
1 0.748148 0.408166 0.012452 0.018305
