0 0.734166 0.591788 0.067719 0.407783
0 0.369112 0.691699 0.112358 0.609232
0 0.627157 0.575110 0.083345 0.412163
0 0.861574 0.510242 0.036984 0.242802
0 0.823431 0.535054 0.042802 0.279496
0 0.778848 0.561749 0.050347 0.348883
0 0.927318 0.451363 0.021592 0.116121
0 0.687069 0.549428 0.058909 0.331725
0 0.144539 0.569174 0.178137 0.531707
0 0.494202 0.604186 0.119896 0.496843
0 0.094021 0.393717 0.012929 0.045880
0 0.943774 0.440332 0.015803 0.081822
0 0.804441 0.435491 0.022949 0.062007
0 0.127716 0.392883 0.018087 0.030335
