0 0.139383 0.642944 0.082060 0.446835
0 0.767497 0.635486 0.066994 0.448776
0 0.660069 0.608341 0.082574 0.472489
0 0.247122 0.593725 0.083205 0.468532
0 0.889146 0.623705 0.088933 0.520982
0 0.558724 0.634960 0.065306 0.428320
0 0.355006 0.625844 0.074193 0.446795
0 0.450893 0.607612 0.080103 0.465572
0 0.392348 0.456837 0.028675 0.175259
0 0.920367 0.405800 0.035082 0.089845
0 0.541963 0.409363 0.016730 0.126063
0 0.448611 0.359948 0.020148 0.041538
0 0.527294 0.385888 0.014522 0.085444
0 0.470312 0.374806 0.011782 0.066085
0 0.581228 0.425410 0.030997 0.125663
0 0.769347 0.362884 0.015510 0.050434
1 0.134184 0.441618 0.035318 0.042356
1 0.250289 0.377765 0.029317 0.035607
1 0.770377 0.432021 0.031015 0.040897
1 0.349539 0.423671 0.033255 0.041316
1 0.563904 0.440532 0.029683 0.038087
1 0.887203 0.383857 0.035701 0.040757
1 0.661282 0.392134 0.031154 0.038739
1 0.392258 0.381106 0.014624 0.023165
1 0.449993 0.394490 0.030701 0.038094
1 0.584098 0.373579 0.013164 0.020160
1 0.447002 0.346174 0.010565 0.013006
1 0.543392 0.353316 0.009805 0.014192
1 0.529979 0.350907 0.007659 0.012542
