0 0.724593 0.578774 0.135276 0.839022
0 0.571602 0.539515 0.143611 0.802036
0 0.132136 0.401759 0.037696 0.201151
0 0.822775 0.354568 0.017628 0.058974
0 0.367844 0.346640 0.027097 0.092502
0 0.338763 0.366806 0.026370 0.100207
0 0.319168 0.345768 0.018304 0.054865
1 0.601726 0.190208 0.060488 0.102032
1 0.369272 0.312201 0.014365 0.022611
1 0.126604 0.314802 0.018390 0.025740
1 0.711922 0.205140 0.077835 0.090654
1 0.317649 0.329309 0.012049 0.019557
2 0.571163 0.397203 0.122259 0.299383
2 0.736546 0.445834 0.109649 0.313209
