0 0.219472 0.561486 0.138286 0.569225
0 0.361623 0.566871 0.142716 0.574905
0 0.791292 0.574037 0.149037 0.600779
0 0.500018 0.572248 0.136936 0.575867
0 0.642454 0.572560 0.142507 0.590973
0 0.604121 0.474024 0.033405 0.179400
0 0.450203 0.461960 0.040558 0.165975
0 0.746307 0.432773 0.047889 0.097928
0 0.582286 0.415554 0.018771 0.055583
0 0.746066 0.494452 0.048759 0.222184
1 0.509971 0.313912 0.047593 0.057992
1 0.809445 0.301497 0.054324 0.055191
1 0.655947 0.305674 0.048142 0.055950
1 0.214639 0.305515 0.045169 0.055232
1 0.366373 0.307500 0.048749 0.054524
