0 0.239579 0.489324 0.038077 0.157886
0 0.685687 0.693426 0.084086 0.400333
0 0.293915 0.657123 0.108352 0.262054
0 0.588104 0.556634 0.054568 0.220566
0 0.402994 0.620042 0.093883 0.260129
0 0.344562 0.509784 0.043677 0.151399
0 0.838620 0.520012 0.053931 0.160140
0 0.711384 0.487959 0.033452 0.147025
0 0.439921 0.482611 0.025182 0.103245
0 0.122767 0.728091 0.133138 0.319692
0 0.024848 0.445352 0.026434 0.066337
0 0.742365 0.423608 0.019532 0.057192
0 0.767716 0.440985 0.014568 0.098825
0 0.833342 0.441211 0.019190 0.071429
0 0.836974 0.411280 0.015131 0.043702
0 0.785017 0.407909 0.008656 0.028061
