0 0.912649 0.318140 0.067211 0.294571
0 0.765944 0.377372 0.113778 0.244942
0 0.785326 0.125366 0.090301 0.249689
0 0.479515 0.803616 0.061546 0.340775
0 0.855753 0.792220 0.095765 0.355824
0 0.574792 0.797167 0.053897 0.360367
0 0.292953 0.774915 0.199105 0.445895
0 0.426348 0.760031 0.041789 0.213711
0 0.405158 0.733131 0.022814 0.125931
0 0.493682 0.184460 0.204885 0.367470
0 0.120163 0.759481 0.148452 0.476662
0 0.058660 0.388544 0.036098 0.164483
0 0.152988 0.398906 0.034687 0.170483
0 0.314700 0.397552 0.037642 0.157558
0 0.244732 0.434482 0.041354 0.112058
0 0.096245 0.322971 0.019744 0.114438
0 0.296167 0.360545 0.027284 0.158403
0 0.680632 0.748885 0.029424 0.095100
0 0.166354 0.330176 0.024404 0.070239
0 0.240766 0.355289 0.027643 0.079996
0 0.709845 0.732450 0.027846 0.061482
0 0.758358 0.728391 0.019243 0.050419
0 0.220019 0.288521 0.015101 0.057925
0 0.252209 0.294505 0.016685 0.087699
0 0.755185 0.814434 0.059029 0.134570
0 0.657029 0.811571 0.065857 0.137682
0 0.743063 0.776451 0.028859 0.076084
0 0.346271 0.280505 0.013111 0.077075
0 0.169065 0.251207 0.012347 0.049114
0 0.714960 0.771377 0.038247 0.067752
0 0.678352 0.781628 0.042219 0.076573
0 0.163739 0.291851 0.018548 0.048017
0 0.119719 0.272670 0.014676 0.078732
0 0.132405 0.263303 0.013362 0.069594
