0 0.712033 0.576120 0.163842 0.726766
0 0.561128 0.561449 0.140965 0.619665
0 0.329551 0.529509 0.094022 0.492145
0 0.431524 0.542890 0.118463 0.557667
0 0.151848 0.453563 0.052496 0.205145
0 0.948405 0.412568 0.037442 0.100212
0 0.507141 0.437621 0.034698 0.156463
0 0.376264 0.430680 0.022569 0.130756
0 0.251014 0.402329 0.022422 0.056810
0 0.635251 0.400153 0.020290 0.046992
0 0.654707 0.402604 0.021259 0.065969
1 0.703929 0.252641 0.062358 0.079386
1 0.311641 0.310718 0.040730 0.053681
1 0.419956 0.296285 0.046035 0.063322
1 0.543134 0.287096 0.050345 0.071117
1 0.153460 0.364190 0.016859 0.025568
2 0.506869 0.408345 0.029184 0.072922
