0 0.491469 0.545638 0.184632 0.759584
0 0.736552 0.581065 0.173232 0.831714
0 0.855727 0.540100 0.287798 0.913794
0 0.383246 0.455446 0.124740 0.641481
0 0.188383 0.383732 0.060653 0.392551
0 0.276282 0.420398 0.118726 0.490601
0 0.110310 0.300608 0.028640 0.166433
0 0.425815 0.349672 0.037821 0.266488
0 0.070776 0.284491 0.034996 0.125859
0 0.244168 0.245142 0.018195 0.060996
1 0.185948 0.207111 0.029988 0.038760
1 0.511335 0.206440 0.064395 0.080199
1 0.366849 0.165575 0.048849 0.060648
1 0.259474 0.199873 0.033796 0.049088
1 0.736519 0.208142 0.082923 0.084933
1 0.882993 0.137723 0.115760 0.108570
1 0.242763 0.231750 0.013968 0.032993
2 0.503876 0.433840 0.109429 0.280470
2 0.370015 0.354960 0.089174 0.239715
2 0.186898 0.325141 0.055842 0.146318
2 0.273551 0.340591 0.077913 0.180218
2 0.744381 0.478776 0.124425 0.335318
2 0.921962 0.489513 0.153398 0.454311
