0 0.566134 0.660218 0.175691 0.676315
0 0.336294 0.421766 0.108187 0.223468
0 0.459228 0.380677 0.083897 0.191929
0 0.984756 0.306690 0.028379 0.075882
0 0.932099 0.296481 0.042791 0.106134
0 0.874060 0.300768 0.035009 0.092350
0 0.685158 0.528132 0.109692 0.460761
0 0.729238 0.529251 0.073819 0.453605
0 0.771355 0.499115 0.082566 0.399202
0 0.745674 0.264711 0.030684 0.080245
0 0.591202 0.298962 0.039840 0.118322
0 0.783105 0.307605 0.027976 0.080276
0 0.820272 0.425832 0.077405 0.278176
0 0.626453 0.349488 0.036000 0.097948
1 0.721696 0.317412 0.027791 0.049214
0 0.183525 0.528326 0.157693 0.409451
