0 0.639394 0.573212 0.118945 0.697137
0 0.376692 0.571112 0.138681 0.688298
0 0.507273 0.554065 0.131937 0.678218
0 0.749811 0.389102 0.030656 0.048433
0 0.985970 0.419484 0.026818 0.123220
0 0.098563 0.468366 0.050641 0.208544
0 0.834869 0.415416 0.033827 0.120255
0 0.846929 0.463985 0.059661 0.218272
1 0.508963 0.244748 0.049878 0.057841
1 0.631876 0.257817 0.056225 0.064730
1 0.380538 0.259893 0.057580 0.064000
2 0.637930 0.455397 0.089602 0.251081
2 0.507948 0.429042 0.087535 0.221324
2 0.375324 0.455857 0.094528 0.239886
