0 0.483596 0.600317 0.087691 0.359489
0 0.341436 0.604294 0.092763 0.360554
0 0.723169 0.601252 0.099601 0.362658
0 0.236882 0.611655 0.085333 0.354184
0 0.164794 0.591446 0.079322 0.336656
0 0.615612 0.612315 0.116033 0.393287
0 0.105437 0.610750 0.068015 0.384511
1 0.117856 0.437070 0.033522 0.035531
1 0.244096 0.453280 0.032668 0.035891
1 0.183773 0.440459 0.028510 0.033420
1 0.350880 0.440567 0.031145 0.031473
1 0.489855 0.438196 0.028747 0.034284
1 0.713357 0.436815 0.030305 0.032404
1 0.616805 0.436279 0.032532 0.040193
1 0.599623 0.440229 0.014663 0.036756
2 0.487301 0.542557 0.043774 0.130112
2 0.726666 0.544133 0.046206 0.133348
2 0.347185 0.546370 0.049314 0.134682
2 0.612692 0.550337 0.051683 0.145316
2 0.176604 0.536724 0.042262 0.127128
2 0.240276 0.561876 0.047363 0.138213
2 0.107266 0.546601 0.056722 0.139259
