0 0.779406 0.533210 0.174924 0.687964
0 0.344160 0.538806 0.188581 0.685960
0 0.520776 0.353827 0.018288 0.088519
0 0.590986 0.335339 0.014597 0.041854
0 0.089740 0.427593 0.041151 0.252237
0 0.475288 0.345395 0.012174 0.057982
0 0.165919 0.349755 0.035269 0.099938
0 0.126960 0.360607 0.035941 0.122815
0 0.187337 0.371571 0.034965 0.116270
1 0.369529 0.228167 0.054871 0.062752
1 0.750431 0.220515 0.059910 0.060936
1 0.523349 0.315990 0.009089 0.013527
1 0.119215 0.313489 0.016333 0.028548
2 0.340433 0.421444 0.096433 0.265685
2 0.777558 0.425569 0.102111 0.267593
