0 0.483710 0.600533 0.087292 0.360058
0 0.723072 0.601346 0.099234 0.363375
0 0.341385 0.604946 0.092535 0.361759
0 0.615563 0.612615 0.116054 0.393286
0 0.166780 0.592779 0.083870 0.337658
0 0.237444 0.611937 0.084261 0.355936
0 0.105390 0.611284 0.067789 0.385915
1 0.117575 0.437482 0.033496 0.037019
1 0.489933 0.438637 0.029004 0.034840
1 0.713335 0.437042 0.030025 0.033254
1 0.350782 0.440926 0.031406 0.031951
1 0.183545 0.440798 0.028562 0.032570
1 0.244384 0.453322 0.034132 0.036729
1 0.616745 0.436774 0.032078 0.040442
1 0.599507 0.440781 0.014410 0.037524
2 0.487100 0.542232 0.043380 0.129082
2 0.346679 0.546364 0.048257 0.134332
2 0.176746 0.536783 0.041569 0.126366
2 0.726507 0.544923 0.046034 0.132504
2 0.240457 0.562352 0.046064 0.137359
2 0.612907 0.550797 0.052035 0.146319
2 0.107363 0.546232 0.056213 0.138185
