0 0.337103 0.555715 0.150441 0.642865
0 0.118577 0.598303 0.162772 0.754386
0 0.920189 0.507012 0.103681 0.503484
0 0.773643 0.531143 0.166124 0.585459
0 0.540639 0.558071 0.215057 0.771112
0 0.862218 0.367100 0.037996 0.079051
0 0.059554 0.427816 0.035746 0.221025
0 0.748566 0.360900 0.020936 0.051651
0 0.048324 0.359544 0.027437 0.060929
0 0.617242 0.417481 0.048322 0.168769
0 0.687903 0.364372 0.085154 0.156490
0 0.586515 0.366043 0.014206 0.044140
0 0.430303 0.307382 0.017391 0.058587
0 0.710034 0.330257 0.013933 0.029926
1 0.358352 0.265645 0.055206 0.060714
1 0.766227 0.272432 0.051152 0.066488
1 0.900179 0.281214 0.042337 0.051010
1 0.116606 0.258078 0.073449 0.072611
1 0.514230 0.206098 0.059544 0.065438
1 0.691522 0.302488 0.027217 0.031039
1 0.068119 0.328903 0.017444 0.022376
1 0.054268 0.339261 0.014742 0.019252
