0 0.290219 0.753401 0.170795 0.308493
0 0.299408 0.320544 0.149512 0.339863
0 0.942889 0.819540 0.113369 0.357615
0 0.899832 0.300243 0.176720 0.379527
0 0.494287 0.734362 0.096486 0.310614
0 0.501776 0.301951 0.181227 0.376589
0 0.708163 0.792542 0.155883 0.318348
0 0.703197 0.307049 0.187273 0.310424
0 0.087567 0.235656 0.174811 0.308188
0 0.084357 0.738168 0.167878 0.277605
0 0.637040 0.708301 0.037827 0.097688
0 0.624876 0.294188 0.040781 0.197006
0 0.770123 0.708264 0.032738 0.079254
0 0.779588 0.267145 0.033242 0.083443
0 0.744713 0.706277 0.024182 0.062043
