0 0.817268 0.569676 0.156435 0.854471
0 0.071332 0.431497 0.046845 0.211120
0 0.484850 0.597287 0.222549 0.755698
0 0.635725 0.597325 0.136386 0.796701
0 0.942545 0.433799 0.043799 0.226967
0 0.187847 0.375402 0.026413 0.081966
1 0.803613 0.192987 0.082560 0.099834
1 0.531821 0.262022 0.071886 0.082609
1 0.605941 0.242672 0.074990 0.086576
1 0.066060 0.339278 0.018189 0.025494
2 0.638426 0.455409 0.111314 0.294883
2 0.527744 0.502393 0.105366 0.299525
2 0.840565 0.438848 0.109409 0.335056
2 0.074190 0.395943 0.041306 0.083438
