0 0.594593 0.685468 0.080046 0.263020
0 0.233510 0.810961 0.075665 0.369668
0 0.148149 0.819865 0.083233 0.357146
0 0.079588 0.580783 0.060460 0.165411
0 0.169690 0.571096 0.044407 0.235865
0 0.216111 0.452558 0.034525 0.141764
0 0.302359 0.502288 0.050168 0.136836
0 0.455046 0.521612 0.044096 0.200529
0 0.851858 0.735013 0.077012 0.323349
0 0.626288 0.492859 0.033992 0.158564
0 0.892799 0.831724 0.122163 0.332940
0 0.949765 0.727782 0.076512 0.220178
0 0.131477 0.405747 0.029829 0.127326
0 0.159780 0.384675 0.028644 0.119205
0 0.183683 0.376895 0.024579 0.108725
0 0.412778 0.460070 0.030395 0.150384
0 0.685135 0.480427 0.037055 0.099568
0 0.811897 0.469375 0.041257 0.099092
0 0.869108 0.554246 0.036423 0.192669
0 0.959123 0.583578 0.063168 0.160372
0 0.095420 0.297158 0.016243 0.064498
0 0.955684 0.358551 0.015596 0.074037
0 0.844362 0.444462 0.030750 0.076454
0 0.314272 0.357653 0.021744 0.087992
0 0.368641 0.398783 0.020276 0.104266
0 0.538813 0.378071 0.014126 0.065648
0 0.725713 0.432080 0.030216 0.124353
0 0.965701 0.498639 0.048537 0.092188
0 0.357020 0.382036 0.016617 0.109778
0 0.890435 0.475185 0.039761 0.119665
0 0.753890 0.432541 0.022591 0.116078
0 0.115173 0.305345 0.012644 0.064897
0 0.127895 0.302842 0.013244 0.064780
0 0.694779 0.456413 0.020220 0.125975
1 0.071532 0.512277 0.024097 0.027220
1 0.228556 0.646489 0.028542 0.040151
1 0.598429 0.571402 0.025155 0.033764
1 0.148846 0.663592 0.031081 0.043527
1 0.168365 0.465948 0.020719 0.025324
1 0.850181 0.591939 0.031560 0.036235
1 0.905868 0.693926 0.038503 0.056956
1 0.213964 0.390049 0.011579 0.016256
1 0.450379 0.432092 0.016023 0.020655
1 0.971611 0.466038 0.017925 0.025594
1 0.412120 0.394658 0.014624 0.018874
1 0.693875 0.401806 0.012940 0.016123
1 0.129708 0.349434 0.011072 0.014297
1 0.157849 0.332227 0.010196 0.013858
1 0.818498 0.431467 0.016591 0.022902
1 0.310983 0.319537 0.008196 0.012213
1 0.367898 0.352728 0.009348 0.012779
1 0.850884 0.418065 0.014905 0.022896
1 0.749531 0.380780 0.012774 0.015804
1 0.956823 0.327857 0.010425 0.012935
