0 0.716878 0.582721 0.321484 0.828070
0 0.306178 0.565731 0.302307 0.861888
0 0.820871 0.456904 0.073691 0.346750
0 0.459337 0.391968 0.048128 0.160316
0 0.601887 0.411770 0.020711 0.101765
0 0.978012 0.381039 0.039959 0.080107
0 0.485446 0.385405 0.020250 0.045077
0 0.556733 0.373126 0.019229 0.079002
0 0.573156 0.386802 0.015888 0.072003
0 0.625222 0.365127 0.014558 0.066881
0 0.497596 0.361557 0.015439 0.054808
0 0.525139 0.364937 0.016434 0.061951
1 0.819137 0.306237 0.031038 0.043734
1 0.458047 0.332516 0.037732 0.057309
