0 0.725230 0.578441 0.133543 0.837978
0 0.571715 0.539624 0.143128 0.801126
0 0.132106 0.401545 0.035015 0.200616
0 0.367092 0.345325 0.025072 0.090110
0 0.822542 0.354958 0.017401 0.059959
0 0.338914 0.367103 0.026527 0.101469
0 0.319497 0.344679 0.017811 0.051813
1 0.369418 0.311953 0.014222 0.022420
1 0.317807 0.329160 0.011974 0.018984
1 0.601907 0.190179 0.060169 0.101044
1 0.712081 0.205225 0.077724 0.090195
1 0.126588 0.314869 0.018295 0.025804
2 0.571101 0.396624 0.124156 0.297824
2 0.736319 0.445944 0.110968 0.313413
