0 0.849076 0.632070 0.209706 0.651507
0 0.172221 0.598254 0.219643 0.625143
0 0.315305 0.512481 0.114316 0.366694
0 0.600817 0.455579 0.131346 0.301748
0 0.777454 0.321853 0.015151 0.049986
0 0.352828 0.380601 0.027278 0.152472
0 0.968795 0.385975 0.041577 0.162454
0 0.897912 0.328287 0.019426 0.051040
0 0.686486 0.341121 0.014259 0.081186
0 0.399779 0.444006 0.095841 0.294964
0 0.422828 0.336369 0.014415 0.072649
0 0.472275 0.312424 0.009355 0.035314
2 0.742176 0.518832 0.103083 0.294062
2 0.144800 0.572265 0.140836 0.368379
2 0.382925 0.458751 0.062252 0.200986
2 0.887733 0.621115 0.131895 0.403075
2 0.631329 0.496224 0.067585 0.213985
2 0.298061 0.527006 0.079016 0.218919
0 0.724519 0.481743 0.141535 0.382612
