0 0.499860 0.776524 0.141134 0.442260
0 0.751428 0.764863 0.082121 0.261657
0 0.074758 0.776210 0.147849 0.442473
0 0.246779 0.812736 0.053542 0.171260
0 0.330668 0.885528 0.041971 0.219845
0 0.439235 0.234483 0.034536 0.182820
0 0.475296 0.232626 0.025386 0.108477
0 0.340899 0.249376 0.122218 0.496815
0 0.900195 0.251062 0.197484 0.498764
0 0.579582 0.249972 0.037107 0.209607
0 0.554762 0.244881 0.030022 0.162216
0 0.373113 0.757305 0.026760 0.174562
0 0.062443 0.448240 0.019339 0.081666
0 0.699109 0.250709 0.205883 0.499164
0 0.134632 0.466698 0.022523 0.064529
0 0.531747 0.242767 0.028232 0.109383
0 0.308043 0.684931 0.031601 0.121868
0 0.058302 0.302475 0.016466 0.079123
0 0.101316 0.448086 0.028277 0.098372
0 0.102656 0.362844 0.017414 0.077505
0 0.118046 0.402733 0.018602 0.073912
0 0.168625 0.278860 0.014201 0.078960
0 0.082014 0.367524 0.016613 0.087080
0 0.949822 0.876300 0.057099 0.173578
0 0.085610 0.275624 0.013484 0.080863
0 0.145025 0.404151 0.016397 0.065678
0 0.100087 0.244656 0.012965 0.067190
0 0.131156 0.245334 0.012492 0.073481
0 0.114719 0.246466 0.014759 0.070917
0 0.149478 0.240287 0.013332 0.069037
0 0.382946 0.674137 0.023984 0.132976
0 0.331676 0.631241 0.019914 0.080049
0 0.168152 0.386133 0.016901 0.067445
0 0.139463 0.202932 0.010621 0.053706
0 0.348775 0.605937 0.016135 0.068945
0 0.087848 0.212299 0.011057 0.054994
0 0.188167 0.402344 0.013296 0.075659
0 0.125129 0.175492 0.006903 0.045528
0 0.223966 0.565990 0.014134 0.053641
1 0.327110 0.790846 0.021422 0.029497
1 0.242921 0.744861 0.021929 0.034057
1 0.481216 0.189580 0.012302 0.022004
1 0.062984 0.595542 0.062080 0.079598
1 0.498998 0.588079 0.051192 0.065210
1 0.449052 0.155880 0.014227 0.025262
1 0.528467 0.199675 0.012602 0.022244
1 0.364407 0.052002 0.071815 0.102773
1 0.139696 0.444615 0.011143 0.018444
1 0.750380 0.659298 0.043294 0.049743
1 0.546542 0.175114 0.012964 0.021986
1 0.118032 0.372990 0.007225 0.013483
1 0.569413 0.158467 0.015159 0.026319
1 0.081918 0.330760 0.008691 0.013268
1 0.963631 0.801179 0.011255 0.020630
1 0.169187 0.359104 0.007026 0.012291
1 0.057258 0.269130 0.007561 0.012083
1 0.636699 0.053575 0.077335 0.105652
1 0.100435 0.331460 0.007203 0.013093
1 0.333706 0.600691 0.011924 0.017604
1 0.058426 0.416052 0.009451 0.016027
1 0.084636 0.241298 0.007714 0.011568
1 0.114466 0.215650 0.005368 0.009323
1 0.917580 0.059483 0.162686 0.116800
1 0.148390 0.380556 0.009642 0.016501
1 0.370660 0.682602 0.016719 0.024651
1 0.096564 0.406593 0.009259 0.014307
1 0.310816 0.635589 0.013362 0.022381
1 0.100597 0.216069 0.006623 0.009762
1 0.226709 0.545056 0.006906 0.011548
1 0.378999 0.615635 0.011257 0.016574
1 0.352598 0.577027 0.008105 0.013853
2 0.438717 0.209127 0.027226 0.081035
2 0.474039 0.231098 0.022316 0.060124
2 0.583681 0.213244 0.029557 0.084741
