0 0.668229 0.557201 0.122713 0.646820
0 0.360790 0.551361 0.155155 0.679491
0 0.169876 0.398401 0.045419 0.145647
0 0.270492 0.421681 0.039863 0.205405
0 0.517056 0.380326 0.017610 0.092527
0 0.578146 0.413399 0.051108 0.188270
0 0.560846 0.419117 0.026821 0.177861
0 0.478972 0.377480 0.013054 0.068696
0 0.415594 0.376632 0.014180 0.068464
1 0.663569 0.267653 0.052209 0.066699
1 0.371143 0.243296 0.056424 0.061764
1 0.267202 0.333586 0.017674 0.029997
1 0.582779 0.332414 0.019823 0.025277
1 0.567633 0.340787 0.012961 0.019945
