0 0.804162 0.580307 0.110389 0.495248
0 0.367317 0.535020 0.146945 0.467013
0 0.474795 0.497886 0.127360 0.408344
0 0.232125 0.577201 0.185052 0.550789
0 0.605690 0.472734 0.095731 0.260254
0 0.939866 0.470781 0.034721 0.192793
0 0.672953 0.470218 0.082264 0.231009
0 0.561934 0.422890 0.021053 0.088398
0 0.864188 0.415977 0.012451 0.060673
1 0.815098 0.363935 0.042342 0.061483
1 0.606036 0.377415 0.045818 0.068099
1 0.678023 0.384432 0.038327 0.058607
1 0.399042 0.363830 0.068105 0.123725
1 0.489812 0.340590 0.054675 0.092397
1 0.281395 0.376893 0.087674 0.148278
