0 0.370580 0.163279 0.118767 0.325940
0 0.752440 0.162707 0.120295 0.324350
0 0.630991 0.839486 0.152008 0.315507
0 0.841211 0.922007 0.058526 0.130992
0 0.667140 0.563309 0.049633 0.206295
0 0.912010 0.895615 0.060165 0.109719
0 0.557855 0.570290 0.033646 0.193118
0 0.929761 0.241634 0.047423 0.138438
0 0.875801 0.562372 0.058527 0.207714
0 0.390472 0.567799 0.029608 0.171000
0 0.334331 0.568054 0.046356 0.195572
0 0.117074 0.499721 0.232840 0.338833
0 0.890512 0.174135 0.049854 0.085455
0 0.337310 0.834910 0.270630 0.325093
0 0.477774 0.169587 0.023943 0.122356
0 0.503541 0.168450 0.018687 0.076413
0 0.561566 0.176551 0.021741 0.111921
0 0.579903 0.181086 0.026829 0.146169
0 0.058393 0.293380 0.016115 0.060755
0 0.535016 0.553830 0.026158 0.180584
0 0.543064 0.175707 0.022859 0.076762
0 0.168862 0.277976 0.015196 0.079428
0 0.841887 0.513437 0.020263 0.069410
0 0.966094 0.840005 0.022190 0.080293
0 0.149567 0.240209 0.012716 0.067467
0 0.085650 0.275914 0.013725 0.082685
0 0.941777 0.512949 0.016583 0.053617
0 0.114954 0.246241 0.014396 0.072492
0 0.100595 0.244363 0.012552 0.066302
0 0.473978 0.500276 0.013131 0.033047
0 0.089556 0.896827 0.036916 0.104444
0 0.535572 0.506867 0.024284 0.086327
0 0.139667 0.202904 0.009959 0.051196
1 0.670809 0.473127 0.016668 0.025077
1 0.623434 0.718544 0.055062 0.072902
1 0.386503 0.496011 0.014588 0.026029
1 0.847775 0.874076 0.019612 0.033755
1 0.877371 0.472829 0.019226 0.027782
1 0.557716 0.484396 0.015175 0.020863
1 0.897853 0.859661 0.018638 0.036608
1 0.327700 0.483244 0.018253 0.025449
1 0.533010 0.476087 0.013330 0.024375
1 0.845248 0.486114 0.012207 0.014536
1 0.350225 0.705470 0.140976 0.069352
1 0.385772 0.039274 0.077573 0.077573
1 0.945675 0.180002 0.012417 0.016649
1 0.474036 0.491136 0.008478 0.013777
1 0.909546 0.146498 0.012856 0.028850
1 0.132448 0.372690 0.119674 0.087626
1 0.542247 0.145479 0.008150 0.015043
1 0.507709 0.137860 0.008865 0.015137
1 0.057388 0.269318 0.007483 0.011987
1 0.084824 0.240553 0.007785 0.011127
1 0.484065 0.117581 0.010364 0.018400
1 0.556123 0.128281 0.009890 0.015171
1 0.114570 0.215294 0.005254 0.010543
1 0.784421 0.019067 0.053400 0.037701
1 0.572467 0.117241 0.011708 0.018632
1 0.941290 0.493777 0.009092 0.011263
1 0.100364 0.216324 0.006651 0.010067
2 0.773350 0.254246 0.077690 0.141600
2 0.889576 0.162529 0.017472 0.037211
2 0.880577 0.184350 0.022615 0.044768
2 0.582092 0.155417 0.023165 0.064445
2 0.392228 0.218094 0.076016 0.216995
2 0.672785 0.537058 0.033699 0.088424
2 0.596704 0.886978 0.082933 0.221843
2 0.938601 0.227770 0.027623 0.055610
2 0.557847 0.548015 0.031927 0.086726
2 0.864433 0.534628 0.039270 0.098340
2 0.335013 0.542738 0.035384 0.088908
2 0.477732 0.155328 0.022028 0.057701
