0 0.303433 0.310785 0.141033 0.363843
0 0.901306 0.296140 0.151891 0.392267
0 0.688648 0.742700 0.168833 0.322372
0 0.924202 0.795522 0.116073 0.406918
0 0.501428 0.803421 0.193440 0.389480
0 0.088510 0.236121 0.176270 0.334598
0 0.500175 0.285329 0.197995 0.413654
0 0.695365 0.259434 0.180789 0.294581
0 0.098102 0.770241 0.194128 0.367891
0 0.295087 0.722026 0.188322 0.346542
0 0.753382 0.205984 0.082608 0.141208
0 0.033773 0.714114 0.041763 0.083331
0 0.615225 0.182426 0.021574 0.070792
0 0.067795 0.722446 0.044536 0.090748
2 0.665999 0.774595 0.123551 0.253425
2 0.468190 0.848749 0.125701 0.267541
2 0.278777 0.740148 0.153129 0.246735
2 0.060624 0.263888 0.120792 0.269226
2 0.668055 0.293565 0.128482 0.195725
2 0.291751 0.361800 0.113370 0.261702
2 0.741173 0.227941 0.052531 0.105694
2 0.136688 0.815523 0.118197 0.273091
2 0.455561 0.333353 0.108173 0.307886
2 0.945038 0.731311 0.072365 0.165416
2 0.882309 0.349038 0.113282 0.272572
