0 0.367360 0.594099 0.097763 0.424899
0 0.131998 0.358660 0.050067 0.146146
0 0.905493 0.733928 0.168496 0.527509
0 0.714982 0.435585 0.056896 0.261416
0 0.444775 0.511704 0.070702 0.361740
0 0.547808 0.540252 0.079750 0.448435
0 0.593316 0.336460 0.031360 0.107654
0 0.134487 0.610291 0.230730 0.513399
0 0.849487 0.346645 0.055230 0.138429
0 0.281407 0.388526 0.060737 0.164925
0 0.502733 0.399964 0.036226 0.219362
0 0.908237 0.325835 0.024806 0.089731
0 0.631156 0.351569 0.027259 0.141574
0 0.315124 0.322655 0.025547 0.073515
0 0.481953 0.334565 0.028807 0.102182
0 0.744284 0.322837 0.018174 0.087646
0 0.333539 0.318662 0.022212 0.062535
0 0.759646 0.308273 0.010112 0.040797
0 0.850165 0.311063 0.015122 0.043581
0 0.796755 0.313246 0.010386 0.061733
0 0.400159 0.314029 0.025534 0.068963
1 0.716130 0.319757 0.021352 0.029155
1 0.135000 0.296375 0.018046 0.020811
1 0.860475 0.285861 0.015052 0.016384
1 0.630643 0.290584 0.014998 0.018970
1 0.483449 0.292886 0.014624 0.018629
1 0.594263 0.290860 0.012987 0.016516
1 0.744552 0.285117 0.008424 0.012483
1 0.317059 0.293729 0.013540 0.017159
1 0.907741 0.285425 0.009758 0.014607
1 0.546441 0.341585 0.039616 0.050429
