0 0.725419 0.583434 0.105954 0.513388
0 0.226511 0.551479 0.090227 0.445514
0 0.576439 0.591962 0.126701 0.610996
0 0.829960 0.512028 0.058248 0.271518
0 0.431592 0.615121 0.117346 0.568659
0 0.303561 0.545143 0.083307 0.431756
0 0.639948 0.556490 0.069203 0.467355
0 0.498644 0.549873 0.074000 0.456935
0 0.382369 0.539971 0.078613 0.457180
0 0.425881 0.245037 0.018638 0.110566
0 0.157061 0.473505 0.038623 0.190932
0 0.109312 0.510677 0.054797 0.285613
0 0.721379 0.109363 0.021994 0.076545
0 0.604055 0.108907 0.034428 0.122779
0 0.333552 0.413188 0.021201 0.068935
0 0.077636 0.426700 0.036697 0.093488
1 0.715301 0.350154 0.040533 0.044969
1 0.627818 0.346545 0.037614 0.046618
1 0.235087 0.348140 0.033015 0.038158
1 0.301668 0.349677 0.031967 0.039851
1 0.149713 0.388749 0.021958 0.023600
1 0.566139 0.314539 0.049029 0.054400
1 0.498835 0.343309 0.035315 0.043202
1 0.390077 0.331808 0.033761 0.039816
1 0.437038 0.360846 0.047834 0.058782
1 0.333205 0.387418 0.010942 0.016855
2 0.499391 0.472828 0.068911 0.163633
2 0.226845 0.473540 0.060184 0.156265
2 0.721917 0.490258 0.069689 0.170324
2 0.298115 0.468104 0.057954 0.145470
2 0.576013 0.470597 0.083860 0.200896
2 0.430532 0.519797 0.077408 0.197055
