0 0.761913 0.557988 0.172181 0.840416
0 0.619602 0.537095 0.137372 0.676874
0 0.509859 0.501825 0.106126 0.613665
0 0.420494 0.496731 0.081253 0.519656
0 0.355914 0.486412 0.064616 0.463806
0 0.280991 0.427852 0.045946 0.155499
0 0.302714 0.424532 0.022679 0.152997
0 0.179022 0.427791 0.037344 0.152375
0 0.178904 0.386048 0.036714 0.068867
1 0.351170 0.276976 0.032194 0.044259
1 0.410241 0.261496 0.038210 0.048329
1 0.501935 0.224414 0.044393 0.058225
1 0.757543 0.176428 0.065210 0.076062
1 0.603819 0.232578 0.053196 0.066840
1 0.279978 0.358445 0.015096 0.016422
2 0.606142 0.419948 0.094947 0.232194
2 0.501162 0.416899 0.086931 0.204263
2 0.358211 0.410229 0.068777 0.165883
2 0.753498 0.420955 0.110444 0.257045
2 0.417242 0.407263 0.074259 0.173801
