0 0.110193 0.660371 0.099534 0.527567
0 0.477231 0.624559 0.080974 0.443881
0 0.304572 0.643330 0.079634 0.486804
0 0.214979 0.623877 0.103028 0.544171
0 0.633723 0.613550 0.070972 0.473668
0 0.902743 0.664856 0.096364 0.597383
0 0.382149 0.602109 0.116321 0.487328
0 0.559260 0.601471 0.080435 0.481642
0 0.714145 0.598979 0.098041 0.450731
0 0.818672 0.665815 0.089827 0.503400
0 0.517549 0.399117 0.033116 0.160736
0 0.459458 0.354625 0.017322 0.086481
0 0.269679 0.102292 0.019449 0.096500
0 0.603281 0.422601 0.035956 0.178103
0 0.342496 0.195367 0.015901 0.078273
0 0.211717 0.058134 0.021416 0.109016
0 0.959966 0.439474 0.056709 0.192950
0 0.288021 0.386931 0.037018 0.115730
0 0.195946 0.392336 0.027384 0.107685
0 0.842712 0.453745 0.052282 0.147183
1 0.726084 0.403513 0.033792 0.058444
1 0.402747 0.381971 0.040466 0.045712
1 0.108125 0.424896 0.050411 0.055299
1 0.563107 0.384940 0.038378 0.048268
1 0.220475 0.381291 0.043712 0.056917
1 0.638195 0.398636 0.037056 0.043226
1 0.886100 0.395133 0.049348 0.057382
1 0.286617 0.343166 0.022439 0.027056
1 0.302725 0.423576 0.042916 0.046106
1 0.605872 0.345420 0.020804 0.022887
1 0.517751 0.327807 0.011378 0.016876
1 0.819990 0.441015 0.045145 0.053743
1 0.963980 0.359580 0.033592 0.032801
1 0.832617 0.403300 0.030398 0.044699
1 0.271574 0.061420 0.010536 0.014531
1 0.459857 0.318115 0.007418 0.011924
1 0.212752 0.012297 0.010479 0.016541
1 0.196303 0.350699 0.025854 0.023017
2 0.303621 0.563564 0.064063 0.165362
2 0.635511 0.530617 0.060724 0.159135
2 0.817114 0.592674 0.072285 0.186508
2 0.902484 0.550117 0.077008 0.200581
2 0.519009 0.375610 0.031515 0.062890
2 0.478258 0.549326 0.061527 0.163529
2 0.110157 0.576717 0.077048 0.188272
2 0.960455 0.457068 0.057341 0.129230
