0 0.563436 0.334791 0.039043 0.218788
0 0.678844 0.339495 0.038699 0.227029
0 0.526339 0.331768 0.037103 0.224723
0 0.641480 0.352117 0.037850 0.221509
0 0.451258 0.332360 0.038577 0.228209
0 0.490729 0.339303 0.038016 0.211564
0 0.968390 0.830772 0.049379 0.261204
0 0.759253 0.345635 0.040479 0.220753
0 0.718335 0.337800 0.043218 0.231294
0 0.878919 0.839541 0.043358 0.255133
0 0.369163 0.334971 0.031953 0.195176
0 0.245589 0.335964 0.036117 0.191612
0 0.342381 0.338518 0.030987 0.189044
0 0.895143 0.339640 0.034204 0.224371
0 0.922764 0.828622 0.044794 0.273675
0 0.482789 0.777860 0.045535 0.285101
0 0.278410 0.336503 0.033604 0.186497
0 0.961445 0.342248 0.038645 0.279304
0 0.310817 0.326169 0.034007 0.189024
0 0.435675 0.776388 0.047039 0.302057
0 0.524555 0.781480 0.041975 0.275756
0 0.567955 0.776900 0.049358 0.293923
0 0.833467 0.838177 0.045081 0.255473
0 0.925936 0.338875 0.041215 0.247766
0 0.117717 0.849099 0.031695 0.184746
0 0.025421 0.848175 0.032839 0.191819
0 0.292967 0.829935 0.033301 0.206535
0 0.174692 0.843612 0.031285 0.202269
0 0.373599 0.833826 0.038860 0.203146
0 0.260438 0.831807 0.034218 0.203347
0 0.087126 0.843482 0.031884 0.191532
0 0.225626 0.832607 0.036704 0.203816
0 0.148070 0.842624 0.032757 0.200584
0 0.345514 0.840939 0.023540 0.176667
0 0.320913 0.837328 0.029019 0.183706
0 0.039164 0.353703 0.033137 0.185433
0 0.013277 0.355146 0.026319 0.184536
0 0.922452 0.141642 0.020364 0.079110
0 0.072802 0.347181 0.030676 0.170249
0 0.098378 0.354894 0.029300 0.156494
0 0.174717 0.344840 0.023707 0.156285
0 0.152350 0.352542 0.025309 0.162281
0 0.126802 0.349141 0.026000 0.164586
0 0.056766 0.852091 0.029073 0.179456
0 0.768694 0.799841 0.060413 0.258218
0 0.641626 0.809511 0.038233 0.271632
0 0.683140 0.815328 0.054840 0.289326
0 0.721712 0.808956 0.047621 0.258811
0 0.623417 0.793859 0.036410 0.229485
0 0.870978 0.081291 0.030648 0.075861
1 0.560609 0.236462 0.017388 0.022613
1 0.246700 0.251192 0.015457 0.021185
1 0.455144 0.230333 0.018893 0.023391
1 0.679621 0.237064 0.018296 0.021224
1 0.642608 0.252887 0.019139 0.022445
1 0.952873 0.216076 0.019001 0.026439
1 0.757253 0.245480 0.017017 0.020949
1 0.920298 0.228403 0.020198 0.026454
1 0.489501 0.244645 0.018025 0.022487
1 0.367060 0.247278 0.014732 0.019129
1 0.716935 0.233287 0.015926 0.021722
1 0.894626 0.241608 0.016665 0.027017
1 0.143643 0.752196 0.014766 0.019373
1 0.026060 0.760933 0.015811 0.017462
1 0.925964 0.703323 0.016272 0.024279
1 0.276820 0.253289 0.013300 0.019411
1 0.169720 0.752212 0.015733 0.019814
1 0.088055 0.758043 0.014209 0.020175
1 0.342787 0.253970 0.014875 0.019426
1 0.561474 0.644302 0.024273 0.028818
1 0.966807 0.711502 0.018005 0.023356
1 0.525346 0.230620 0.014716 0.021605
1 0.226621 0.739999 0.014654 0.018703
1 0.308543 0.242159 0.013838 0.020380
1 0.117556 0.766168 0.013277 0.018036
1 0.322856 0.754555 0.012971 0.018307
1 0.870879 0.050922 0.008974 0.013818
1 0.775981 0.684732 0.029463 0.028763
1 0.345158 0.760680 0.012668 0.016374
1 0.922739 0.108144 0.007780 0.011814
1 0.679640 0.686141 0.026486 0.029963
2 0.641714 0.318866 0.034192 0.080517
2 0.895791 0.303457 0.031676 0.079019
2 0.226235 0.799362 0.031484 0.075479
2 0.482743 0.727247 0.040475 0.099022
2 0.245455 0.306476 0.028650 0.069557
2 0.025654 0.815908 0.029986 0.065092
2 0.277949 0.306513 0.029699 0.069693
2 0.073833 0.311002 0.023281 0.055955
2 0.759508 0.307410 0.032590 0.075820
2 0.436934 0.717887 0.042540 0.097918
2 0.678363 0.300507 0.032073 0.078666
2 0.372625 0.798723 0.031098 0.070371
2 0.717114 0.294029 0.030983 0.075171
2 0.174280 0.308583 0.021281 0.056349
2 0.368331 0.300666 0.028140 0.066211
2 0.834009 0.796705 0.037336 0.089819
2 0.960220 0.288473 0.031290 0.091886
2 0.967822 0.784660 0.038467 0.089991
2 0.311201 0.293047 0.029131 0.066934
2 0.526800 0.292103 0.033242 0.077855
2 0.562105 0.301026 0.031095 0.076797
2 0.452760 0.294674 0.031742 0.079256
2 0.038690 0.316916 0.028450 0.067070
2 0.566979 0.728052 0.038660 0.106351
2 0.682408 0.765801 0.054512 0.105757
