0 0.157830 0.575373 0.103531 0.619640
0 0.560111 0.501886 0.343068 0.780506
0 0.239663 0.515840 0.069642 0.477261
0 0.389101 0.413860 0.030878 0.207060
0 0.685170 0.495731 0.163682 0.531013
0 0.404908 0.406081 0.018687 0.182683
0 0.314022 0.379987 0.029312 0.118185
0 0.298648 0.386646 0.015633 0.110122
1 0.229177 0.305271 0.040502 0.054769
1 0.560514 0.197038 0.107817 0.168655
1 0.684488 0.281039 0.075162 0.100112
1 0.137498 0.306667 0.056784 0.081001
1 0.385502 0.323612 0.017404 0.025983
2 0.485643 0.562055 0.191613 0.524913
2 0.242848 0.432347 0.060064 0.176899
2 0.165656 0.474378 0.088328 0.244271
