0 0.335524 0.625525 0.100998 0.523114
0 0.752844 0.627002 0.106375 0.540804
0 0.440184 0.614746 0.107622 0.545928
0 0.547561 0.624680 0.095221 0.523963
0 0.639068 0.619068 0.096418 0.534035
0 0.137372 0.552770 0.060960 0.300661
0 0.839985 0.466495 0.041154 0.122138
0 0.680727 0.592109 0.046341 0.441356
0 0.211875 0.516658 0.042716 0.249000
0 0.584651 0.559676 0.045361 0.426798
0 0.488177 0.590238 0.042327 0.411821
0 0.403341 0.426127 0.017495 0.051997
2 0.440823 0.504838 0.080507 0.186166
2 0.549339 0.525292 0.073580 0.188402
2 0.334424 0.536523 0.074658 0.190194
2 0.748072 0.525134 0.077756 0.199369
2 0.640577 0.514577 0.073108 0.191480
