0 0.306273 0.655690 0.076893 0.416024
0 0.387060 0.688704 0.080960 0.469230
0 0.195005 0.737495 0.112733 0.521085
0 0.517233 0.650519 0.068162 0.410863
0 0.614859 0.615723 0.060328 0.365584
0 0.429159 0.461448 0.029583 0.153231
0 0.715990 0.578536 0.057100 0.305797
0 0.321347 0.391433 0.021116 0.045466
0 0.569758 0.564552 0.049902 0.317057
0 0.816622 0.562153 0.050143 0.284420
0 0.869903 0.528750 0.045028 0.265245
0 0.480785 0.427434 0.030463 0.085852
0 0.940020 0.443731 0.030895 0.140824
0 0.904323 0.476835 0.030327 0.160369
0 0.131490 0.589471 0.087546 0.241784
0 0.488069 0.592939 0.052417 0.336150
0 0.834701 0.430510 0.027236 0.083481
0 0.767483 0.447160 0.040025 0.111339
0 0.739553 0.448274 0.039357 0.107460
0 0.253725 0.394508 0.021865 0.051721
0 0.794645 0.442060 0.041347 0.100573
1 0.585242 0.532052 0.023776 0.030703
0 0.648994 0.476017 0.042920 0.152288
