0 0.109963 0.660119 0.099538 0.527966
0 0.477097 0.625527 0.080820 0.444114
0 0.215252 0.624092 0.101452 0.543899
0 0.304621 0.643615 0.079497 0.486574
0 0.633842 0.613634 0.072201 0.473504
0 0.559145 0.601651 0.079746 0.482458
0 0.714545 0.599310 0.098521 0.450947
0 0.815357 0.666013 0.084118 0.503301
0 0.902280 0.665369 0.096706 0.598082
0 0.381644 0.601952 0.116022 0.488159
0 0.517115 0.399165 0.032320 0.161338
0 0.461417 0.354193 0.014219 0.087511
0 0.268557 0.101604 0.021112 0.097219
0 0.342080 0.195410 0.017802 0.078286
0 0.602672 0.418553 0.034521 0.169267
0 0.206725 0.058140 0.029061 0.110718
0 0.196174 0.392586 0.025868 0.108821
0 0.287625 0.387340 0.038186 0.116695
0 0.959081 0.439537 0.057829 0.193348
0 0.843290 0.450753 0.053490 0.140892
1 0.402840 0.381753 0.040681 0.046322
1 0.108092 0.425126 0.049993 0.056693
1 0.725231 0.403867 0.035627 0.059028
1 0.563150 0.385019 0.038709 0.048124
1 0.638509 0.398976 0.037854 0.043342
1 0.220891 0.381780 0.044530 0.057901
1 0.301551 0.423962 0.043866 0.046254
1 0.286403 0.343060 0.022927 0.026914
1 0.517763 0.327687 0.012073 0.016893
1 0.886117 0.395294 0.049532 0.057096
1 0.605626 0.345298 0.020456 0.022521
1 0.832629 0.403725 0.030883 0.045280
1 0.819715 0.441176 0.045744 0.053205
1 0.271733 0.060935 0.011124 0.015212
1 0.963395 0.359673 0.033926 0.033217
1 0.196263 0.350484 0.024635 0.023724
1 0.459771 0.317301 0.007594 0.012578
1 0.212879 0.012361 0.010784 0.016937
2 0.517915 0.371761 0.023693 0.055996
2 0.960195 0.450143 0.048588 0.111032
2 0.601103 0.409932 0.031213 0.079318
