0 0.473549 0.612384 0.088281 0.507777
0 0.566585 0.568174 0.096731 0.449030
0 0.373917 0.604581 0.135461 0.596419
0 0.139236 0.640258 0.132522 0.625142
0 0.251298 0.462328 0.105394 0.289865
0 0.634803 0.544588 0.074925 0.414910
0 0.683397 0.520550 0.056421 0.355065
0 0.740461 0.514899 0.061565 0.337085
0 0.778538 0.394132 0.028843 0.072281
0 0.708232 0.504710 0.036795 0.322294
0 0.866150 0.435717 0.030570 0.152837
0 0.949660 0.418902 0.022852 0.107472
0 0.888495 0.424945 0.019196 0.120450
0 0.916810 0.408707 0.012114 0.080476
0 0.852084 0.387102 0.016816 0.041537
0 0.906425 0.387118 0.011436 0.039723
