0 0.140902 0.696444 0.165650 0.524774
0 0.263108 0.712172 0.096033 0.437237
0 0.348723 0.721771 0.128608 0.446373
0 0.483931 0.722995 0.123484 0.449486
0 0.619340 0.738582 0.084488 0.310769
0 0.738577 0.758269 0.036740 0.172866
0 0.795934 0.752519 0.048978 0.194165
0 0.769251 0.755868 0.031536 0.177037
0 0.821611 0.769631 0.027576 0.139966
0 0.584812 0.744490 0.036668 0.243076
0 0.839936 0.767029 0.013392 0.125734
0 0.541547 0.742495 0.059841 0.267223
1 0.274959 0.516230 0.041396 0.045250
1 0.494949 0.520798 0.042057 0.044057
1 0.623336 0.599504 0.028893 0.031107
