0 0.683470 0.364003 0.040920 0.230159
0 0.635485 0.352258 0.049240 0.257107
0 0.732724 0.361858 0.052114 0.243564
0 0.436354 0.343151 0.043487 0.223348
0 0.733980 0.821826 0.047087 0.262012
0 0.690890 0.829751 0.045702 0.249486
0 0.934241 0.814017 0.037303 0.210584
0 0.862799 0.820501 0.032487 0.189736
0 0.973453 0.818595 0.037893 0.195623
0 0.635886 0.819520 0.050644 0.261193
0 0.479840 0.345766 0.038501 0.215912
0 0.779591 0.357628 0.045208 0.257820
0 0.325329 0.335315 0.042029 0.229920
0 0.824613 0.819052 0.039559 0.198323
0 0.282250 0.341891 0.039470 0.219540
0 0.369356 0.340853 0.044545 0.220586
0 0.897374 0.818061 0.033406 0.192366
0 0.517091 0.338284 0.038129 0.229458
0 0.243288 0.342962 0.038701 0.216242
0 0.889280 0.340733 0.042410 0.312569
0 0.774195 0.820198 0.045012 0.264558
0 0.577815 0.351381 0.035793 0.220037
0 0.061700 0.838980 0.037619 0.227928
0 0.468968 0.818582 0.033501 0.187839
0 0.179175 0.835512 0.041922 0.238999
0 0.267682 0.826801 0.040964 0.222619
0 0.227451 0.829732 0.044347 0.224572
0 0.960814 0.341944 0.062922 0.319176
0 0.303079 0.827003 0.036705 0.204135
0 0.140751 0.844226 0.037463 0.226085
0 0.101294 0.836085 0.043316 0.239880
0 0.574161 0.811083 0.041424 0.225990
0 0.538436 0.818757 0.039003 0.209300
0 0.550582 0.342365 0.030923 0.216359
0 0.172461 0.351393 0.040695 0.227200
0 0.216970 0.333654 0.037938 0.209786
0 0.432525 0.811227 0.043564 0.220022
0 0.138446 0.340460 0.037925 0.228853
0 0.339041 0.832665 0.035466 0.205847
0 0.500911 0.812578 0.041400 0.215284
0 0.022794 0.833628 0.042754 0.235993
0 0.925582 0.348728 0.051404 0.302049
0 0.109171 0.362958 0.035186 0.205686
0 0.020231 0.347601 0.037918 0.215158
0 0.375490 0.829438 0.040109 0.219102
0 0.053291 0.352762 0.039461 0.217337
0 0.085048 0.337706 0.035415 0.212876
1 0.516808 0.233693 0.014740 0.021690
2 0.892407 0.277840 0.038382 0.118275
