0 0.692866 0.510792 0.173433 0.623611
0 0.611302 0.329283 0.014353 0.041418
0 0.310183 0.498729 0.152734 0.714887
0 0.172662 0.430027 0.054309 0.279143
0 0.415702 0.340385 0.024879 0.091254
0 0.387927 0.336827 0.027889 0.072236
0 0.107715 0.334575 0.023619 0.054961
0 0.133390 0.331637 0.014332 0.057263
1 0.277227 0.178662 0.056202 0.073095
1 0.682689 0.237330 0.056551 0.073962
1 0.414848 0.307825 0.016841 0.024865
1 0.612845 0.314640 0.007445 0.011982
2 0.291681 0.373954 0.113345 0.266359
2 0.719957 0.413863 0.116360 0.258704
