0 0.261431 0.747558 0.090971 0.354674
0 0.863073 0.782896 0.118841 0.430779
0 0.247029 0.271198 0.112155 0.450492
0 0.148527 0.199239 0.031150 0.118588
0 0.775828 0.229450 0.302300 0.435333
0 0.568743 0.714745 0.017269 0.072867
1 0.252054 0.067912 0.044351 0.042771
1 0.262033 0.588772 0.039523 0.036724
1 0.851385 0.596034 0.059963 0.056638
1 0.149331 0.146425 0.009830 0.012520
1 0.776211 0.070359 0.097803 0.117127
2 0.709882 0.291679 0.170151 0.304390
2 0.262163 0.696101 0.064225 0.129296
2 0.148635 0.183439 0.026194 0.049731
2 0.868429 0.769252 0.099225 0.221323
2 0.244262 0.194100 0.077715 0.160712
