0 0.378447 0.629948 0.081687 0.458313
0 0.471095 0.606098 0.068068 0.417706
0 0.119052 0.689253 0.116014 0.614286
0 0.615908 0.563710 0.058522 0.346582
0 0.670901 0.535911 0.062271 0.348921
0 0.728187 0.520131 0.053113 0.316061
0 0.775923 0.509364 0.044446 0.286645
0 0.382760 0.351290 0.011383 0.063459
0 0.808377 0.496961 0.044262 0.270499
0 0.846870 0.480662 0.043001 0.250014
0 0.932235 0.459838 0.037140 0.201456
0 0.906271 0.471683 0.035689 0.205950
0 0.062744 0.357516 0.021026 0.064260
0 0.875927 0.476288 0.034523 0.229427
0 0.099522 0.351743 0.020765 0.059476
0 0.351565 0.353991 0.010339 0.034302
0 0.154125 0.357222 0.017587 0.064663
0 0.581008 0.351792 0.018469 0.057305
1 0.119945 0.407325 0.042718 0.049657
1 0.471917 0.415038 0.028154 0.034799
1 0.377584 0.420282 0.031958 0.038515
1 0.616486 0.404980 0.024992 0.029148
1 0.671014 0.377027 0.022382 0.030771
1 0.729130 0.375232 0.022198 0.025776
1 0.777372 0.379641 0.021563 0.026586
1 0.933610 0.368829 0.015581 0.019241
1 0.808042 0.373889 0.019694 0.023750
1 0.383196 0.326251 0.008233 0.012395
1 0.849324 0.367280 0.017422 0.022710
1 0.062838 0.331568 0.009439 0.012363
1 0.909590 0.380240 0.016485 0.022248
1 0.875944 0.372950 0.016602 0.022247
1 0.891407 0.371109 0.015092 0.020590
2 0.616564 0.516346 0.053571 0.133797
2 0.471070 0.547276 0.058255 0.157470
2 0.377269 0.561476 0.063760 0.171476
2 0.670553 0.484259 0.051560 0.126505
2 0.119271 0.587432 0.084372 0.217059
