0 0.184922 0.638119 0.169959 0.539360
0 0.354197 0.523469 0.146111 0.379371
0 0.447707 0.532386 0.106319 0.297121
0 0.552084 0.591983 0.105463 0.508577
0 0.614332 0.452916 0.068524 0.209172
0 0.620492 0.558576 0.081650 0.421226
1 0.445698 0.422505 0.055235 0.076311
1 0.554796 0.372273 0.041102 0.067351
1 0.355547 0.381327 0.063230 0.093946
1 0.223702 0.431320 0.075706 0.124618
1 0.626875 0.377198 0.032861 0.056414
1 0.656113 0.376130 0.028912 0.044742
2 0.172572 0.667278 0.143673 0.368705
2 0.604706 0.479323 0.048998 0.152950
2 0.533811 0.503297 0.067482 0.198098
2 0.432657 0.580679 0.076613 0.196814
2 0.329810 0.575764 0.095487 0.270837
