0 0.658475 0.535051 0.183383 0.732114
0 0.367715 0.529524 0.163992 0.731658
0 0.277294 0.349464 0.042205 0.145084
0 0.319465 0.322952 0.024007 0.078176
0 0.578270 0.335219 0.016205 0.077709
0 0.798089 0.391761 0.057658 0.239477
0 0.696415 0.305875 0.023511 0.053619
0 0.766240 0.332705 0.025823 0.093563
0 0.427772 0.322708 0.027190 0.068910
0 0.509606 0.308449 0.028931 0.082870
0 0.592201 0.323079 0.011518 0.037816
0 0.750866 0.326247 0.018345 0.056277
0 0.536560 0.304931 0.019539 0.033921
1 0.356582 0.202145 0.050792 0.075438
1 0.654381 0.209640 0.049738 0.079038
