0 0.803853 0.580097 0.110430 0.495012
0 0.474468 0.498629 0.126807 0.409938
0 0.367331 0.534902 0.146934 0.467562
0 0.232245 0.576881 0.185387 0.551209
0 0.605697 0.473096 0.095824 0.261078
0 0.672816 0.471782 0.082705 0.233516
0 0.939476 0.470959 0.034348 0.192061
0 0.562147 0.423508 0.021996 0.089196
0 0.863862 0.416464 0.012705 0.061305
1 0.814934 0.364261 0.042456 0.062319
1 0.676990 0.384552 0.040531 0.058265
1 0.489616 0.340767 0.054820 0.092874
1 0.605724 0.377383 0.046272 0.068276
1 0.399354 0.363678 0.067487 0.123878
1 0.281128 0.376775 0.088049 0.148585
