0 0.817418 0.404702 0.125085 0.292279
0 0.509828 0.482338 0.191376 0.563945
0 0.728542 0.447050 0.152788 0.385520
0 0.234227 0.583902 0.144047 0.712325
0 0.391179 0.522820 0.089781 0.537587
0 0.561741 0.429209 0.056479 0.333969
1 0.840068 0.308915 0.057033 0.099116
1 0.745762 0.311345 0.070347 0.113027
1 0.259718 0.276753 0.055102 0.096866
1 0.408927 0.294342 0.044580 0.079080
1 0.523130 0.274554 0.091963 0.147459
1 0.575982 0.294323 0.023322 0.062737
2 0.800110 0.447414 0.091010 0.208262
2 0.702661 0.503145 0.100634 0.270233
2 0.488795 0.569715 0.147574 0.386016
2 0.241214 0.455491 0.108772 0.257652
2 0.390834 0.432266 0.089615 0.188370
