0 0.906696 0.619624 0.098947 0.558283
0 0.819324 0.590518 0.102006 0.564818
0 0.633258 0.593473 0.089506 0.515739
0 0.719739 0.573243 0.114912 0.567383
0 0.106031 0.550386 0.100390 0.450622
0 0.312437 0.575988 0.122822 0.574932
0 0.396035 0.587550 0.090935 0.473300
0 0.775896 0.369746 0.036955 0.121783
0 0.849322 0.361332 0.032465 0.090506
0 0.591935 0.373324 0.034911 0.136527
0 0.551751 0.509623 0.091707 0.412949
0 0.933710 0.367582 0.024149 0.113033
0 0.203548 0.581181 0.107990 0.587950
0 0.484606 0.574241 0.133777 0.482753
