0 0.110421 0.665292 0.101670 0.518238
0 0.305401 0.647924 0.080850 0.477388
0 0.477742 0.624594 0.079857 0.444162
0 0.399851 0.602296 0.089782 0.486053
0 0.215574 0.630477 0.102206 0.530706
0 0.818543 0.641995 0.097324 0.551730
0 0.634174 0.616499 0.073104 0.467514
0 0.910010 0.666754 0.105880 0.594425
0 0.559320 0.608737 0.080331 0.467564
0 0.517780 0.398772 0.034140 0.161803
0 0.714997 0.608097 0.098478 0.432165
0 0.602124 0.414278 0.034811 0.161867
0 0.460520 0.354374 0.015213 0.086860
0 0.267494 0.101296 0.024693 0.097356
0 0.342420 0.195756 0.018125 0.077583
0 0.207011 0.056922 0.026496 0.108002
0 0.955528 0.438048 0.051088 0.192645
0 0.200495 0.380693 0.032535 0.081242
1 0.517731 0.327113 0.011398 0.016535
1 0.459871 0.318321 0.007800 0.013412
1 0.605548 0.345147 0.020387 0.023729
1 0.271771 0.060498 0.010817 0.015107
1 0.212774 0.012171 0.010846 0.017029
1 0.963587 0.359608 0.032736 0.034878
1 0.340061 0.162511 0.007154 0.010466
1 0.200366 0.353111 0.030568 0.025135
2 0.635224 0.537889 0.062872 0.173010
2 0.559659 0.522632 0.070027 0.169727
2 0.216495 0.523395 0.075970 0.187510
2 0.400548 0.505636 0.066980 0.174943
2 0.110716 0.575902 0.077785 0.194448
2 0.305159 0.570263 0.073984 0.183397
2 0.908481 0.541309 0.080224 0.205458
2 0.478148 0.547177 0.064650 0.163073
2 0.821306 0.526043 0.080535 0.192498
2 0.519196 0.375744 0.030820 0.061180
2 0.601224 0.410381 0.033283 0.076365
