0 0.701623 0.776518 0.158537 0.442745
0 0.889178 0.777311 0.136413 0.441704
0 0.098890 0.748779 0.197003 0.358105
0 0.711036 0.270540 0.180225 0.374590
0 0.313566 0.783754 0.161715 0.429396
0 0.479309 0.776488 0.161478 0.429534
0 0.286105 0.280793 0.162833 0.420889
0 0.888591 0.274856 0.160676 0.433071
0 0.500963 0.277868 0.200458 0.423392
0 0.095451 0.249452 0.189352 0.391800
2 0.889835 0.786826 0.129507 0.265816
2 0.892956 0.330450 0.145285 0.298765
2 0.136549 0.804527 0.120544 0.241130
2 0.687268 0.325453 0.131766 0.261867
2 0.286855 0.329255 0.141559 0.285543
2 0.694971 0.817490 0.137179 0.287428
2 0.072184 0.296914 0.142592 0.290144
2 0.458101 0.736128 0.123816 0.228589
2 0.337841 0.781078 0.113265 0.223954
2 0.456883 0.332716 0.112165 0.302444
