0 0.706926 0.591127 0.102594 0.539452
0 0.502771 0.586823 0.098856 0.533021
0 0.603489 0.577024 0.096474 0.545528
0 0.921095 0.434628 0.059086 0.163597
0 0.153902 0.511709 0.067258 0.329232
0 0.298864 0.477713 0.041107 0.214773
0 0.447576 0.437346 0.019601 0.102915
0 0.387112 0.412812 0.016237 0.067396
0 0.430290 0.438808 0.017464 0.099204
0 0.657218 0.413544 0.023099 0.056117
0 0.302766 0.322470 0.017040 0.064478
0 0.430143 0.409992 0.016012 0.041734
2 0.501825 0.496162 0.079676 0.206735
2 0.704993 0.496667 0.080866 0.209221
2 0.602536 0.465204 0.076574 0.186820
