0 0.336492 0.555444 0.149975 0.643348
0 0.118258 0.598426 0.162422 0.755479
0 0.773480 0.531315 0.166114 0.586585
0 0.920249 0.507147 0.103200 0.503844
0 0.540642 0.558145 0.214766 0.771904
0 0.862207 0.367247 0.037920 0.078912
0 0.059747 0.427951 0.035345 0.221392
0 0.048261 0.359895 0.027022 0.060531
0 0.687861 0.364221 0.085280 0.155760
0 0.749109 0.361163 0.019339 0.052279
0 0.616975 0.417899 0.048062 0.168358
0 0.586525 0.367712 0.014782 0.047198
1 0.900250 0.281546 0.042597 0.051406
1 0.766056 0.272598 0.051388 0.067458
1 0.116794 0.258357 0.073094 0.073770
1 0.358243 0.265704 0.055435 0.061129
1 0.513975 0.206010 0.059955 0.065665
1 0.691251 0.302727 0.027760 0.031324
1 0.068051 0.329208 0.017621 0.022849
1 0.054082 0.339628 0.014891 0.019084
