0 0.654012 0.811214 0.037028 0.231992
0 0.581239 0.470311 0.025776 0.119211
0 0.724248 0.648170 0.031872 0.180127
0 0.767248 0.674378 0.031407 0.181856
0 0.363603 0.761373 0.039600 0.217294
0 0.118323 0.560036 0.033767 0.168306
0 0.536022 0.339566 0.011715 0.065475
0 0.371428 0.637069 0.040605 0.068147
0 0.469441 0.495453 0.025039 0.114494
0 0.600706 0.309431 0.013191 0.044558
0 0.183241 0.511034 0.040064 0.123265
0 0.179841 0.458028 0.020170 0.090166
0 0.234560 0.464254 0.029555 0.108247
0 0.070538 0.575305 0.028133 0.163813
1 0.470515 0.449194 0.010709 0.020009
1 0.766007 0.594509 0.015819 0.021698
1 0.731678 0.572706 0.015660 0.027290
1 0.649967 0.713095 0.021736 0.035127
1 0.577901 0.419909 0.010540 0.017625
1 0.361640 0.618766 0.014318 0.028664
1 0.355985 0.666162 0.018545 0.027514
1 0.180127 0.421959 0.009695 0.016670
1 0.599993 0.292850 0.006522 0.011071
1 0.116136 0.488425 0.012715 0.023775
2 0.585370 0.451427 0.017637 0.051115
2 0.658440 0.774071 0.028074 0.101367
2 0.720609 0.616851 0.022598 0.071966
2 0.367632 0.727633 0.030362 0.096347
2 0.769675 0.650160 0.026720 0.075903
