0 0.346781 0.584330 0.109632 0.577854
0 0.745669 0.585709 0.113936 0.553265
0 0.147329 0.490996 0.045611 0.156237
0 0.088836 0.494485 0.042573 0.152850
0 0.441859 0.571313 0.087076 0.494611
0 0.625034 0.593921 0.112523 0.593762
0 0.233868 0.495846 0.030203 0.140266
0 0.519440 0.613265 0.113829 0.609240
0 0.682606 0.588305 0.048249 0.402706
0 0.564804 0.563534 0.056205 0.495180
0 0.397470 0.478067 0.018769 0.106117
1 0.359405 0.319888 0.046327 0.048125
1 0.687089 0.406213 0.026691 0.037359
1 0.450463 0.345019 0.033702 0.041271
1 0.740157 0.333753 0.041121 0.047952
1 0.619395 0.321932 0.041289 0.048783
1 0.525551 0.336761 0.051151 0.054881
1 0.570323 0.337003 0.031865 0.040869
