0 0.710784 0.275014 0.177916 0.394355
0 0.699752 0.773362 0.152615 0.449854
0 0.479514 0.778660 0.156550 0.435498
0 0.283934 0.272991 0.149479 0.427713
0 0.097060 0.741671 0.192964 0.372566
0 0.308929 0.782760 0.160509 0.430548
0 0.891450 0.776395 0.159265 0.443230
0 0.502388 0.274517 0.193610 0.424805
0 0.090742 0.235464 0.180350 0.401035
0 0.874769 0.274886 0.133294 0.424208
1 0.292480 0.102368 0.086125 0.085738
1 0.306518 0.607976 0.083113 0.079895
1 0.111875 0.607699 0.094390 0.103244
1 0.896053 0.593517 0.082516 0.077228
1 0.477940 0.100201 0.087550 0.075631
1 0.900667 0.108482 0.080010 0.090463
1 0.726733 0.128007 0.089245 0.098688
1 0.498753 0.612235 0.079410 0.101555
1 0.709799 0.594712 0.087844 0.092127
1 0.125783 0.096251 0.082704 0.121595
