0 0.701549 0.799889 0.137840 0.396386
0 0.713066 0.283397 0.169742 0.292473
0 0.283033 0.316444 0.141889 0.358266
0 0.271084 0.781539 0.130513 0.433146
0 0.495146 0.298705 0.169203 0.393453
0 0.889326 0.744344 0.161979 0.314338
0 0.119853 0.773005 0.149237 0.364110
0 0.918174 0.312002 0.134585 0.364535
0 0.090386 0.248800 0.179633 0.340122
0 0.044717 0.753209 0.048992 0.089348
0 0.476296 0.785410 0.154874 0.424930
1 0.919303 0.160486 0.067800 0.061359
1 0.287280 0.599144 0.076139 0.068208
1 0.891675 0.628886 0.076352 0.082245
1 0.716691 0.182914 0.075223 0.089850
1 0.691051 0.648779 0.076087 0.093790
1 0.275896 0.182146 0.080125 0.088361
1 0.109546 0.125953 0.080871 0.093235
1 0.121872 0.635132 0.080014 0.087638
1 0.520280 0.625744 0.066222 0.104102
1 0.490821 0.143506 0.082107 0.082185
1 0.047553 0.725345 0.030519 0.032603
