0 0.692986 0.510815 0.173024 0.623787
0 0.310415 0.498474 0.153337 0.715355
0 0.172008 0.430619 0.055668 0.279443
0 0.611320 0.330143 0.015091 0.042026
0 0.387747 0.336875 0.028650 0.075297
0 0.107424 0.334309 0.024141 0.056938
0 0.415943 0.341398 0.025268 0.092840
0 0.132819 0.331740 0.015646 0.058418
1 0.277151 0.178698 0.056342 0.073886
1 0.682539 0.237463 0.056695 0.074692
1 0.414715 0.307905 0.017023 0.024983
1 0.612832 0.315117 0.007962 0.011881
2 0.291599 0.373755 0.110718 0.265667
2 0.719781 0.413179 0.116384 0.259002
