0 0.805858 0.664104 0.138043 0.611501
0 0.927068 0.512409 0.075531 0.365420
0 0.078067 0.535386 0.155032 0.396144
0 0.612000 0.484347 0.077247 0.329734
0 0.292514 0.363923 0.047508 0.163674
0 0.266050 0.336548 0.026189 0.105041
0 0.692139 0.341130 0.032304 0.114289
0 0.759622 0.358002 0.024574 0.139836
0 0.314589 0.509832 0.126882 0.266726
0 0.823593 0.388030 0.036991 0.182762
0 0.785750 0.319614 0.018355 0.060750
0 0.189469 0.438011 0.057057 0.353180
0 0.772541 0.314922 0.013768 0.054292
0 0.659686 0.328529 0.018395 0.077217
0 0.739253 0.311261 0.012981 0.042276
0 0.729723 0.305930 0.011725 0.036572
1 0.182657 0.280339 0.025432 0.035598
1 0.692753 0.291553 0.010441 0.014712
1 0.076799 0.397374 0.073235 0.118996
1 0.800904 0.395481 0.058322 0.073432
1 0.602800 0.344663 0.025808 0.049437
1 0.773150 0.296385 0.011524 0.015747
2 0.293028 0.370991 0.040546 0.102409
2 0.192166 0.370957 0.045329 0.126412
2 0.628508 0.421147 0.044645 0.134980
2 0.782253 0.558833 0.080750 0.239228
