0 0.734655 0.682291 0.148349 0.390752
0 0.878083 0.724829 0.133499 0.440917
0 0.569835 0.627364 0.094847 0.519900
0 0.198000 0.643631 0.132504 0.627866
0 0.304498 0.590339 0.108863 0.615002
0 0.470357 0.598670 0.117861 0.577244
0 0.636870 0.460507 0.027334 0.096000
0 0.609565 0.454714 0.011939 0.028014
0 0.673465 0.456153 0.038090 0.079825
1 0.734509 0.518185 0.047953 0.060905
1 0.884933 0.538854 0.055485 0.068241
1 0.210527 0.364797 0.059282 0.068730
1 0.504805 0.352024 0.045417 0.083410
1 0.296146 0.316855 0.053378 0.066546
2 0.477337 0.515333 0.096196 0.240065
