0 0.344550 0.538919 0.188865 0.685287
0 0.779393 0.532869 0.175136 0.686997
0 0.521072 0.353243 0.017906 0.089697
0 0.090161 0.426120 0.040148 0.250988
0 0.165545 0.349846 0.035937 0.099886
0 0.591043 0.335256 0.014546 0.041582
0 0.475330 0.344928 0.012003 0.057539
0 0.126918 0.361936 0.036345 0.125641
0 0.186479 0.371759 0.035357 0.116620
0 0.418566 0.338210 0.009980 0.027747
0 0.432177 0.337681 0.010553 0.027398
1 0.119263 0.313190 0.016888 0.028558
1 0.369712 0.228521 0.054448 0.062409
1 0.750523 0.220799 0.060038 0.060914
1 0.523318 0.315053 0.008435 0.013301
2 0.340505 0.421681 0.096655 0.266541
2 0.777762 0.426158 0.101689 0.266792
