0 0.713471 0.573802 0.232559 0.846826
0 0.500943 0.578989 0.200332 0.836245
0 0.306135 0.617586 0.211803 0.758776
0 0.852235 0.418366 0.033107 0.105181
0 0.605182 0.429166 0.034690 0.202205
0 0.397298 0.444577 0.059171 0.266668
0 0.809576 0.376209 0.021635 0.079777
0 0.982721 0.394165 0.031098 0.087800
1 0.498826 0.219686 0.084115 0.117073
1 0.702628 0.201505 0.085882 0.101896
1 0.313596 0.287193 0.083986 0.096367
2 0.314798 0.664682 0.163980 0.441005
2 0.499645 0.599545 0.155734 0.440977
2 0.705758 0.590832 0.166747 0.459823
