0 0.491325 0.339253 0.037730 0.212413
0 0.563165 0.334474 0.038748 0.218153
0 0.678858 0.339992 0.038447 0.227171
0 0.641399 0.352384 0.036298 0.221346
0 0.526184 0.331734 0.037581 0.224969
0 0.453053 0.332206 0.040294 0.228034
0 0.967937 0.830305 0.048506 0.261817
0 0.718333 0.337482 0.042956 0.231130
0 0.760084 0.345393 0.041032 0.220948
0 0.922548 0.826754 0.044957 0.271415
0 0.878906 0.839373 0.043348 0.255902
0 0.367999 0.335170 0.033418 0.195272
0 0.436180 0.776323 0.049198 0.302646
0 0.894727 0.338549 0.032342 0.221899
0 0.340630 0.339003 0.028137 0.190544
0 0.245737 0.335898 0.033924 0.191314
0 0.924763 0.338584 0.039323 0.246281
0 0.961989 0.342629 0.040152 0.279539
0 0.279044 0.336433 0.033615 0.185338
0 0.310939 0.326390 0.032905 0.190158
0 0.483097 0.777841 0.044524 0.283724
0 0.523899 0.781710 0.042239 0.275759
0 0.057070 0.851586 0.029475 0.180421
0 0.025494 0.847439 0.032816 0.192759
0 0.833217 0.836275 0.044467 0.253431
0 0.259894 0.831924 0.032506 0.203221
0 0.292466 0.829636 0.033530 0.205965
0 0.567394 0.776772 0.048898 0.292820
0 0.087970 0.843643 0.032733 0.192058
0 0.226722 0.832689 0.036739 0.203494
0 0.372350 0.833422 0.037378 0.204731
0 0.118619 0.848852 0.030910 0.185143
0 0.173944 0.843032 0.031930 0.202053
0 0.345337 0.841205 0.023429 0.176701
0 0.320979 0.837609 0.029795 0.184882
0 0.147669 0.841609 0.031469 0.201966
0 0.073291 0.346398 0.033029 0.169871
0 0.040676 0.353563 0.031212 0.183954
0 0.102228 0.351799 0.028065 0.164003
0 0.013632 0.355117 0.026988 0.184636
0 0.152535 0.352447 0.026821 0.162932
0 0.127354 0.349390 0.024535 0.163780
0 0.174097 0.347357 0.024897 0.153892
0 0.641302 0.809641 0.037601 0.271939
0 0.768240 0.799363 0.060655 0.257705
0 0.682369 0.815589 0.053751 0.289353
0 0.722898 0.808131 0.045733 0.258948
0 0.923680 0.141667 0.019533 0.079057
0 0.623187 0.791787 0.036072 0.224619
1 0.455059 0.230194 0.019059 0.023341
1 0.489157 0.244796 0.018493 0.023225
1 0.679674 0.236992 0.018675 0.020872
1 0.757225 0.245292 0.016646 0.020461
1 0.560754 0.236167 0.017815 0.022421
1 0.246575 0.251044 0.015592 0.020864
1 0.642820 0.253383 0.019043 0.022443
1 0.445112 0.640537 0.023672 0.030722
1 0.920457 0.229095 0.020564 0.027327
1 0.366895 0.247260 0.014567 0.019267
1 0.717083 0.233028 0.016537 0.022109
1 0.952910 0.216810 0.019930 0.027194
1 0.170279 0.752016 0.015267 0.020288
1 0.343082 0.254779 0.015749 0.021243
1 0.894759 0.242256 0.017802 0.028038
1 0.117632 0.765702 0.014691 0.018516
1 0.925933 0.702925 0.015720 0.024594
1 0.088587 0.757963 0.014305 0.020346
1 0.967001 0.711048 0.017698 0.024276
1 0.276841 0.253955 0.013092 0.020081
1 0.525701 0.230759 0.015102 0.022377
1 0.561495 0.643963 0.024066 0.027247
1 0.226608 0.740182 0.014853 0.018761
1 0.026136 0.760655 0.016601 0.018725
1 0.775851 0.684721 0.029572 0.028872
1 0.345277 0.760589 0.012874 0.015460
1 0.260729 0.738866 0.015108 0.017635
1 0.323218 0.754281 0.012751 0.018392
1 0.309061 0.241756 0.014256 0.020287
1 0.100991 0.276493 0.012219 0.014063
1 0.623935 0.694585 0.023006 0.028867
1 0.072867 0.269270 0.011670 0.015178
1 0.678997 0.686365 0.025537 0.030090
1 0.699113 0.683173 0.022329 0.026917
2 0.682516 0.765798 0.055520 0.107529
