0 0.646378 0.744295 0.053422 0.319164
0 0.308699 0.735715 0.050451 0.314142
0 0.186185 0.817629 0.077094 0.356502
0 0.253620 0.718314 0.049646 0.297372
0 0.574807 0.524526 0.023656 0.134508
0 0.597001 0.498889 0.020026 0.113463
0 0.109255 0.539349 0.039385 0.161392
0 0.541470 0.491990 0.021218 0.068928
0 0.241022 0.484584 0.014430 0.099820
0 0.077251 0.562432 0.025338 0.118328
0 0.461012 0.479421 0.019656 0.072065
0 0.445831 0.496136 0.023098 0.096343
0 0.178053 0.504471 0.035936 0.127101
0 0.340089 0.435046 0.016625 0.064076
0 0.167849 0.476564 0.017590 0.068283
1 0.254766 0.589697 0.023896 0.038799
1 0.309309 0.598957 0.029493 0.039617
1 0.641320 0.607843 0.024359 0.046037
1 0.181494 0.662413 0.029028 0.045081
1 0.541765 0.468009 0.010607 0.019633
1 0.461909 0.451577 0.009543 0.015692
1 0.571363 0.466933 0.011880 0.018461
1 0.592855 0.450569 0.010254 0.015721
1 0.448826 0.456354 0.009540 0.015876
1 0.104090 0.469578 0.014015 0.020911
2 0.651522 0.688542 0.042187 0.127543
2 0.248721 0.668520 0.039042 0.111881
2 0.306540 0.694876 0.045126 0.129193
2 0.197485 0.759684 0.052972 0.147047
